package require http
# To run this script please run it in VMD as source script.vmd
# 
# If you find this tool useful for your work, please cite it as:
# Sehnal D, Svobodová Vařeková R, Berka K, Pravda L, Navrátilová V, Banáš P, Ionescu C-M, Otyepka M, Koča J: MOLE 2.0: advanced approach for analysis of biomacromolecular channels. J. Cheminform. 2013, 5:39.
# 
proc add_atom {id center r} {
 set atom [atomselect top "index $id"]
 $atom set {x y z}  $center
 $atom set radius $r
}

set tun1 [mol new atoms 1402]
mol top $tun1
animate dup $tun1
mol color ColorID 1
mol representation VDW 1 60
add_atom 0 {{ 2,11 19,50 -89,90 }} 9,31
add_atom 1 {{ 2,09 19,42 -89,68 }} 9,15
add_atom 2 {{ 2,07 19,34 -89,46 }} 8,99
add_atom 3 {{ 2,05 19,26 -89,23 }} 8,83
add_atom 4 {{ 2,03 19,19 -89,02 }} 8,67
add_atom 5 {{ 2,01 19,11 -88,80 }} 8,52
add_atom 6 {{ 1,99 19,03 -88,59 }} 8,36
add_atom 7 {{ 1,97 18,95 -88,39 }} 8,21
add_atom 8 {{ 1,95 18,87 -88,20 }} 8,07
add_atom 9 {{ 1,94 18,79 -88,01 }} 7,93
add_atom 10 {{ 1,92 18,71 -87,83 }} 7,79
add_atom 11 {{ 1,90 18,63 -87,67 }} 7,66
add_atom 12 {{ 1,89 18,55 -87,51 }} 7,54
add_atom 13 {{ 1,87 18,47 -87,37 }} 7,42
add_atom 14 {{ 1,86 18,38 -87,24 }} 7,31
add_atom 15 {{ 1,85 18,30 -87,13 }} 7,21
add_atom 16 {{ 1,84 18,21 -87,03 }} 7,12
add_atom 17 {{ 1,83 18,13 -86,95 }} 7,03
add_atom 18 {{ 1,82 18,04 -86,88 }} 6,95
add_atom 19 {{ 1,81 17,96 -86,83 }} 6,88
add_atom 20 {{ 1,79 17,87 -86,78 }} 6,81
add_atom 21 {{ 1,78 17,78 -86,75 }} 6,75
add_atom 22 {{ 1,77 17,70 -86,72 }} 6,69
add_atom 23 {{ 1,76 17,61 -86,70 }} 6,63
add_atom 24 {{ 1,74 17,52 -86,68 }} 6,58
add_atom 25 {{ 1,73 17,44 -86,65 }} 6,52
add_atom 26 {{ 1,71 17,36 -86,63 }} 6,47
add_atom 27 {{ 1,69 17,28 -86,61 }} 6,42
add_atom 28 {{ 1,66 17,20 -86,57 }} 6,37
add_atom 29 {{ 1,63 17,12 -86,53 }} 6,32
add_atom 30 {{ 1,60 17,05 -86,48 }} 6,26
add_atom 31 {{ 1,56 16,98 -86,42 }} 6,21
add_atom 32 {{ 1,52 16,91 -86,35 }} 6,15
add_atom 33 {{ 1,47 16,84 -86,26 }} 6,09
add_atom 34 {{ 1,42 16,78 -86,15 }} 6,02
add_atom 35 {{ 1,36 16,71 -86,04 }} 5,95
add_atom 36 {{ 1,30 16,65 -85,91 }} 5,88
add_atom 37 {{ 1,25 16,59 -85,77 }} 5,80
add_atom 38 {{ 1,19 16,52 -85,62 }} 5,71
add_atom 39 {{ 1,13 16,45 -85,46 }} 5,62
add_atom 40 {{ 1,08 16,38 -85,30 }} 5,52
add_atom 41 {{ 1,03 16,30 -85,13 }} 5,41
add_atom 42 {{ 0,98 16,21 -84,95 }} 5,29
add_atom 43 {{ 0,94 16,12 -84,77 }} 5,17
add_atom 44 {{ 0,91 16,02 -84,59 }} 5,03
add_atom 45 {{ 0,88 15,91 -84,40 }} 4,89
add_atom 46 {{ 0,86 15,79 -84,22 }} 4,74
add_atom 47 {{ 0,85 15,65 -84,03 }} 4,59
add_atom 48 {{ 0,85 15,51 -83,85 }} 4,43
add_atom 49 {{ 0,86 15,35 -83,67 }} 4,28
add_atom 50 {{ 0,89 15,18 -83,49 }} 4,12
add_atom 51 {{ 0,92 15,00 -83,32 }} 3,97
add_atom 52 {{ 0,96 14,82 -83,15 }} 3,82
add_atom 53 {{ 1,00 14,63 -82,99 }} 3,68
add_atom 54 {{ 1,05 14,44 -82,84 }} 3,54
add_atom 55 {{ 1,11 14,25 -82,69 }} 3,41
add_atom 56 {{ 1,16 14,06 -82,55 }} 3,29
add_atom 57 {{ 1,22 13,88 -82,41 }} 3,18
add_atom 58 {{ 1,28 13,70 -82,29 }} 3,08
add_atom 59 {{ 1,34 13,53 -82,17 }} 3,00
add_atom 60 {{ 1,39 13,37 -82,07 }} 2,92
add_atom 61 {{ 1,45 13,23 -81,97 }} 2,86
add_atom 62 {{ 1,50 13,09 -81,89 }} 2,80
add_atom 63 {{ 1,54 12,98 -81,82 }} 2,76
add_atom 64 {{ 1,58 12,89 -81,76 }} 2,72
add_atom 65 {{ 1,60 12,81 -81,72 }} 2,69
add_atom 66 {{ 1,63 12,76 -81,69 }} 2,66
add_atom 67 {{ 1,64 12,72 -81,66 }} 2,65
add_atom 68 {{ 1,65 12,70 -81,65 }} 2,64
add_atom 69 {{ 1,66 12,68 -81,65 }} 2,63
add_atom 70 {{ 1,66 12,68 -81,65 }} 2,63
add_atom 71 {{ 1,66 12,69 -81,65 }} 2,63
add_atom 72 {{ 1,65 12,71 -81,67 }} 2,63
add_atom 73 {{ 1,64 12,73 -81,68 }} 2,64
add_atom 74 {{ 1,63 12,76 -81,70 }} 2,65
add_atom 75 {{ 1,62 12,78 -81,71 }} 2,66
add_atom 76 {{ 1,60 12,81 -81,73 }} 2,67
add_atom 77 {{ 1,59 12,84 -81,75 }} 2,69
add_atom 78 {{ 1,58 12,86 -81,76 }} 2,70
add_atom 79 {{ 1,56 12,88 -81,77 }} 2,71
add_atom 80 {{ 1,55 12,89 -81,77 }} 2,72
add_atom 81 {{ 1,54 12,89 -81,77 }} 2,73
add_atom 82 {{ 1,54 12,88 -81,76 }} 2,74
add_atom 83 {{ 1,53 12,87 -81,74 }} 2,74
add_atom 84 {{ 1,52 12,85 -81,72 }} 2,74
add_atom 85 {{ 1,52 12,83 -81,70 }} 2,74
add_atom 86 {{ 1,52 12,80 -81,68 }} 2,73
add_atom 87 {{ 1,52 12,77 -81,65 }} 2,72
add_atom 88 {{ 1,52 12,73 -81,62 }} 2,71
add_atom 89 {{ 1,53 12,69 -81,58 }} 2,69
add_atom 90 {{ 1,53 12,65 -81,55 }} 2,68
add_atom 91 {{ 1,54 12,60 -81,51 }} 2,66
add_atom 92 {{ 1,55 12,56 -81,47 }} 2,63
add_atom 93 {{ 1,56 12,52 -81,44 }} 2,61
add_atom 94 {{ 1,57 12,47 -81,40 }} 2,59
add_atom 95 {{ 1,58 12,43 -81,36 }} 2,57
add_atom 96 {{ 1,60 12,39 -81,33 }} 2,55
add_atom 97 {{ 1,61 12,35 -81,29 }} 2,53
add_atom 98 {{ 1,63 12,32 -81,26 }} 2,51
add_atom 99 {{ 1,64 12,28 -81,23 }} 2,49
add_atom 100 {{ 1,66 12,25 -81,19 }} 2,48
add_atom 101 {{ 1,68 12,22 -81,16 }} 2,47
add_atom 102 {{ 1,70 12,19 -81,12 }} 2,46
add_atom 103 {{ 1,72 12,16 -81,09 }} 2,45
add_atom 104 {{ 1,73 12,14 -81,05 }} 2,44
add_atom 105 {{ 1,75 12,12 -81,01 }} 2,44
add_atom 106 {{ 1,76 12,09 -80,97 }} 2,43
add_atom 107 {{ 1,78 12,07 -80,92 }} 2,43
add_atom 108 {{ 1,79 12,05 -80,87 }} 2,42
add_atom 109 {{ 1,80 12,03 -80,82 }} 2,41
add_atom 110 {{ 1,81 12,02 -80,76 }} 2,41
add_atom 111 {{ 1,82 12,00 -80,70 }} 2,40
add_atom 112 {{ 1,83 11,99 -80,63 }} 2,39
add_atom 113 {{ 1,83 11,97 -80,56 }} 2,38
add_atom 114 {{ 1,83 11,96 -80,48 }} 2,36
add_atom 115 {{ 1,83 11,94 -80,40 }} 2,35
add_atom 116 {{ 1,83 11,93 -80,32 }} 2,33
add_atom 117 {{ 1,83 11,91 -80,23 }} 2,31
add_atom 118 {{ 1,82 11,88 -80,14 }} 2,29
add_atom 119 {{ 1,81 11,86 -80,05 }} 2,26
add_atom 120 {{ 1,81 11,82 -79,95 }} 2,24
add_atom 121 {{ 1,80 11,79 -79,86 }} 2,21
add_atom 122 {{ 1,79 11,74 -79,76 }} 2,18
add_atom 123 {{ 1,78 11,69 -79,67 }} 2,16
add_atom 124 {{ 1,76 11,63 -79,57 }} 2,13
add_atom 125 {{ 1,75 11,56 -79,48 }} 2,10
add_atom 126 {{ 1,74 11,48 -79,38 }} 2,07
add_atom 127 {{ 1,73 11,39 -79,29 }} 2,04
add_atom 128 {{ 1,71 11,29 -79,20 }} 2,02
add_atom 129 {{ 1,70 11,18 -79,12 }} 1,99
add_atom 130 {{ 1,69 11,06 -79,03 }} 1,96
add_atom 131 {{ 1,67 10,93 -78,95 }} 1,94
add_atom 132 {{ 1,66 10,79 -78,87 }} 1,92
add_atom 133 {{ 1,64 10,65 -78,79 }} 1,90
add_atom 134 {{ 1,62 10,50 -78,71 }} 1,88
add_atom 135 {{ 1,60 10,34 -78,63 }} 1,87
add_atom 136 {{ 1,58 10,18 -78,55 }} 1,86
add_atom 137 {{ 1,55 10,01 -78,47 }} 1,86
add_atom 138 {{ 1,52 9,84 -78,39 }} 1,86
add_atom 139 {{ 1,49 9,67 -78,30 }} 1,87
add_atom 140 {{ 1,45 9,50 -78,22 }} 1,88
add_atom 141 {{ 1,41 9,33 -78,13 }} 1,90
add_atom 142 {{ 1,37 9,16 -78,05 }} 1,93
add_atom 143 {{ 1,32 9,00 -77,96 }} 1,96
add_atom 144 {{ 1,26 8,83 -77,86 }} 2,00
add_atom 145 {{ 1,20 8,67 -77,77 }} 2,05
add_atom 146 {{ 1,14 8,51 -77,67 }} 2,11
add_atom 147 {{ 1,07 8,36 -77,57 }} 2,17
add_atom 148 {{ 0,99 8,21 -77,47 }} 2,23
add_atom 149 {{ 0,91 8,06 -77,36 }} 2,30
add_atom 150 {{ 0,83 7,92 -77,26 }} 2,37
add_atom 151 {{ 0,74 7,79 -77,15 }} 2,45
add_atom 152 {{ 0,64 7,65 -77,04 }} 2,52
add_atom 153 {{ 0,54 7,53 -76,93 }} 2,61
add_atom 154 {{ 0,44 7,40 -76,82 }} 2,69
add_atom 155 {{ 0,33 7,29 -76,71 }} 2,77
add_atom 156 {{ 0,21 7,17 -76,59 }} 2,86
add_atom 157 {{ 0,09 7,07 -76,48 }} 2,94
add_atom 158 {{ -0,03 6,96 -76,37 }} 3,03
add_atom 159 {{ -0,16 6,87 -76,26 }} 3,11
add_atom 160 {{ -0,29 6,78 -76,14 }} 3,20
add_atom 161 {{ -0,43 6,69 -76,03 }} 3,28
add_atom 162 {{ -0,57 6,62 -75,93 }} 3,36
add_atom 163 {{ -0,71 6,54 -75,82 }} 3,44
add_atom 164 {{ -0,85 6,48 -75,72 }} 3,52
add_atom 165 {{ -0,99 6,42 -75,62 }} 3,59
add_atom 166 {{ -1,12 6,36 -75,52 }} 3,66
add_atom 167 {{ -1,26 6,31 -75,43 }} 3,72
add_atom 168 {{ -1,39 6,26 -75,34 }} 3,78
add_atom 169 {{ -1,51 6,23 -75,27 }} 3,84
add_atom 170 {{ -1,63 6,19 -75,19 }} 3,89
add_atom 171 {{ -1,74 6,16 -75,13 }} 3,93
add_atom 172 {{ -1,84 6,14 -75,07 }} 3,97
add_atom 173 {{ -1,92 6,12 -75,03 }} 4,00
add_atom 174 {{ -2,00 6,10 -74,99 }} 4,03
add_atom 175 {{ -2,07 6,09 -74,96 }} 4,05
add_atom 176 {{ -2,12 6,08 -74,94 }} 4,07
add_atom 177 {{ -2,15 6,08 -74,94 }} 4,09
add_atom 178 {{ -2,18 6,08 -74,94 }} 4,10
add_atom 179 {{ -2,20 6,09 -74,94 }} 4,11
add_atom 180 {{ -2,20 6,10 -74,95 }} 4,11
add_atom 181 {{ -2,20 6,11 -74,96 }} 4,11
add_atom 182 {{ -2,20 6,13 -74,97 }} 4,11
add_atom 183 {{ -2,19 6,14 -74,98 }} 4,11
add_atom 184 {{ -2,17 6,16 -74,98 }} 4,10
add_atom 185 {{ -2,16 6,18 -74,98 }} 4,10
add_atom 186 {{ -2,14 6,20 -74,97 }} 4,09
add_atom 187 {{ -2,12 6,22 -74,95 }} 4,08
add_atom 188 {{ -2,11 6,24 -74,91 }} 4,07
add_atom 189 {{ -2,10 6,26 -74,86 }} 4,06
add_atom 190 {{ -2,09 6,29 -74,80 }} 4,05
add_atom 191 {{ -2,10 6,31 -74,72 }} 4,04
add_atom 192 {{ -2,10 6,33 -74,62 }} 4,03
add_atom 193 {{ -2,12 6,34 -74,50 }} 4,03
add_atom 194 {{ -2,14 6,36 -74,37 }} 4,03
add_atom 195 {{ -2,17 6,38 -74,22 }} 4,03
add_atom 196 {{ -2,20 6,39 -74,06 }} 4,04
add_atom 197 {{ -2,23 6,40 -73,90 }} 4,05
add_atom 198 {{ -2,27 6,41 -73,72 }} 4,06
add_atom 199 {{ -2,31 6,42 -73,55 }} 4,08
add_atom 200 {{ -2,35 6,43 -73,37 }} 4,10
add_atom 201 {{ -2,40 6,43 -73,19 }} 4,13
add_atom 202 {{ -2,44 6,43 -73,02 }} 4,16
add_atom 203 {{ -2,48 6,43 -72,85 }} 4,20
add_atom 204 {{ -2,52 6,43 -72,70 }} 4,23
add_atom 205 {{ -2,56 6,42 -72,55 }} 4,27
add_atom 206 {{ -2,60 6,42 -72,41 }} 4,31
add_atom 207 {{ -2,63 6,41 -72,29 }} 4,35
add_atom 208 {{ -2,66 6,39 -72,18 }} 4,39
add_atom 209 {{ -2,68 6,38 -72,09 }} 4,43
add_atom 210 {{ -2,70 6,36 -72,02 }} 4,46
add_atom 211 {{ -2,71 6,34 -71,96 }} 4,50
add_atom 212 {{ -2,73 6,32 -71,91 }} 4,53
add_atom 213 {{ -2,74 6,30 -71,87 }} 4,56
add_atom 214 {{ -2,74 6,28 -71,85 }} 4,58
add_atom 215 {{ -2,75 6,26 -71,83 }} 4,60
add_atom 216 {{ -2,75 6,24 -71,82 }} 4,62
add_atom 217 {{ -2,75 6,23 -71,81 }} 4,63
add_atom 218 {{ -2,75 6,21 -71,82 }} 4,64
add_atom 219 {{ -2,76 6,20 -71,82 }} 4,65
add_atom 220 {{ -2,76 6,19 -71,83 }} 4,66
add_atom 221 {{ -2,76 6,18 -71,84 }} 4,66
add_atom 222 {{ -2,76 6,18 -71,85 }} 4,66
add_atom 223 {{ -2,76 6,18 -71,86 }} 4,66
add_atom 224 {{ -2,76 6,19 -71,87 }} 4,65
add_atom 225 {{ -2,77 6,20 -71,87 }} 4,64
add_atom 226 {{ -2,77 6,21 -71,87 }} 4,63
add_atom 227 {{ -2,77 6,23 -71,87 }} 4,61
add_atom 228 {{ -2,78 6,24 -71,86 }} 4,60
add_atom 229 {{ -2,78 6,25 -71,85 }} 4,58
add_atom 230 {{ -2,78 6,25 -71,83 }} 4,57
add_atom 231 {{ -2,78 6,26 -71,80 }} 4,55
add_atom 232 {{ -2,78 6,25 -71,76 }} 4,54
add_atom 233 {{ -2,77 6,24 -71,71 }} 4,53
add_atom 234 {{ -2,77 6,22 -71,66 }} 4,53
add_atom 235 {{ -2,76 6,19 -71,59 }} 4,53
add_atom 236 {{ -2,74 6,14 -71,51 }} 4,54
add_atom 237 {{ -2,72 6,08 -71,42 }} 4,55
add_atom 238 {{ -2,70 6,01 -71,31 }} 4,58
add_atom 239 {{ -2,67 5,93 -71,20 }} 4,62
add_atom 240 {{ -2,64 5,82 -71,06 }} 4,67
add_atom 241 {{ -2,60 5,70 -70,92 }} 4,73
add_atom 242 {{ -2,56 5,57 -70,76 }} 4,80
add_atom 243 {{ -2,51 5,42 -70,59 }} 4,89
add_atom 244 {{ -2,46 5,26 -70,42 }} 4,98
add_atom 245 {{ -2,41 5,09 -70,24 }} 5,08
add_atom 246 {{ -2,35 4,92 -70,05 }} 5,19
add_atom 247 {{ -2,30 4,73 -69,87 }} 5,31
add_atom 248 {{ -2,24 4,54 -69,68 }} 5,43
add_atom 249 {{ -2,18 4,35 -69,49 }} 5,56
add_atom 250 {{ -2,12 4,15 -69,31 }} 5,68
add_atom 251 {{ -2,06 3,95 -69,13 }} 5,81
add_atom 252 {{ -1,99 3,74 -68,95 }} 5,94
add_atom 253 {{ -1,93 3,54 -68,79 }} 6,06
add_atom 254 {{ -1,87 3,34 -68,63 }} 6,18
add_atom 255 {{ -1,81 3,14 -68,49 }} 6,30
add_atom 256 {{ -1,76 2,95 -68,36 }} 6,41
add_atom 257 {{ -1,70 2,76 -68,24 }} 6,52
add_atom 258 {{ -1,65 2,58 -68,14 }} 6,62
add_atom 259 {{ -1,60 2,40 -68,05 }} 6,71
add_atom 260 {{ -1,55 2,23 -67,97 }} 6,80
add_atom 261 {{ -1,50 2,07 -67,91 }} 6,88
add_atom 262 {{ -1,46 1,91 -67,86 }} 6,96
add_atom 263 {{ -1,42 1,77 -67,83 }} 7,03
add_atom 264 {{ -1,38 1,63 -67,82 }} 7,09
add_atom 265 {{ -1,34 1,50 -67,82 }} 7,14
add_atom 266 {{ -1,31 1,39 -67,84 }} 7,19
add_atom 267 {{ -1,28 1,28 -67,88 }} 7,23
add_atom 268 {{ -1,25 1,19 -67,93 }} 7,27
add_atom 269 {{ -1,22 1,11 -68,01 }} 7,29
add_atom 270 {{ -1,20 1,04 -68,10 }} 7,31
add_atom 271 {{ -1,19 0,98 -68,21 }} 7,32
add_atom 272 {{ -1,17 0,94 -68,34 }} 7,33
add_atom 273 {{ -1,16 0,91 -68,48 }} 7,33
add_atom 274 {{ -1,16 0,89 -68,62 }} 7,32
add_atom 275 {{ -1,15 0,88 -68,76 }} 7,31
add_atom 276 {{ -1,15 0,88 -68,89 }} 7,30
add_atom 277 {{ -1,15 0,88 -69,01 }} 7,28
add_atom 278 {{ -1,14 0,89 -69,10 }} 7,26
add_atom 279 {{ -1,14 0,90 -69,17 }} 7,23
add_atom 280 {{ -1,14 0,92 -69,20 }} 7,20
add_atom 281 {{ -1,14 0,93 -69,19 }} 7,17
add_atom 282 {{ -1,14 0,94 -69,13 }} 7,14
add_atom 283 {{ -1,13 0,95 -69,02 }} 7,11
add_atom 284 {{ -1,13 0,95 -68,85 }} 7,08
add_atom 285 {{ -1,12 0,95 -68,60 }} 7,04
add_atom 286 {{ -1,11 0,94 -68,29 }} 7,01
add_atom 287 {{ -1,09 0,92 -67,89 }} 6,99
add_atom 288 {{ -1,08 0,90 -67,42 }} 6,97
add_atom 289 {{ -1,05 0,86 -66,88 }} 6,95
add_atom 290 {{ -1,03 0,82 -66,27 }} 6,94
add_atom 291 {{ -1,01 0,77 -65,62 }} 6,95
add_atom 292 {{ -0,98 0,71 -64,94 }} 6,96
add_atom 293 {{ -0,95 0,65 -64,22 }} 6,98
add_atom 294 {{ -0,92 0,59 -63,49 }} 7,02
add_atom 295 {{ -0,89 0,52 -62,76 }} 7,07
add_atom 296 {{ -0,86 0,46 -62,03 }} 7,14
add_atom 297 {{ -0,83 0,39 -61,31 }} 7,23
add_atom 298 {{ -0,80 0,33 -60,62 }} 7,33
add_atom 299 {{ -0,78 0,26 -59,97 }} 7,45
add_atom 300 {{ -0,75 0,20 -59,37 }} 7,59
add_atom 301 {{ -0,73 0,14 -58,82 }} 7,73
add_atom 302 {{ -0,71 0,09 -58,35 }} 7,88
add_atom 303 {{ -0,69 0,05 -57,95 }} 8,04
add_atom 304 {{ -0,67 0,01 -57,63 }} 8,20
add_atom 305 {{ -0,66 -0,03 -57,39 }} 8,35
add_atom 306 {{ -0,65 -0,06 -57,21 }} 8,51
add_atom 307 {{ -0,64 -0,08 -57,10 }} 8,65
add_atom 308 {{ -0,64 -0,10 -57,04 }} 8,78
add_atom 309 {{ -0,63 -0,12 -57,03 }} 8,90
add_atom 310 {{ -0,63 -0,13 -57,05 }} 9,01
add_atom 311 {{ -0,63 -0,14 -57,12 }} 9,09
add_atom 312 {{ -0,63 -0,14 -57,21 }} 9,15
add_atom 313 {{ -0,63 -0,15 -57,32 }} 9,19
add_atom 314 {{ -0,63 -0,15 -57,45 }} 9,21
add_atom 315 {{ -0,64 -0,15 -57,58 }} 9,21
add_atom 316 {{ -0,64 -0,15 -57,72 }} 9,20
add_atom 317 {{ -0,64 -0,14 -57,85 }} 9,17
add_atom 318 {{ -0,65 -0,14 -57,96 }} 9,14
add_atom 319 {{ -0,65 -0,14 -58,06 }} 9,10
add_atom 320 {{ -0,65 -0,14 -58,14 }} 9,05
add_atom 321 {{ -0,65 -0,14 -58,20 }} 9,00
add_atom 322 {{ -0,65 -0,14 -58,24 }} 8,95
add_atom 323 {{ -0,65 -0,14 -58,27 }} 8,90
add_atom 324 {{ -0,65 -0,14 -58,28 }} 8,86
add_atom 325 {{ -0,65 -0,14 -58,28 }} 8,83
add_atom 326 {{ -0,65 -0,14 -58,27 }} 8,80
add_atom 327 {{ -0,65 -0,14 -58,26 }} 8,79
add_atom 328 {{ -0,65 -0,14 -58,23 }} 8,78
add_atom 329 {{ -0,65 -0,14 -58,20 }} 8,79
add_atom 330 {{ -0,65 -0,14 -58,16 }} 8,80
add_atom 331 {{ -0,65 -0,14 -58,13 }} 8,81
add_atom 332 {{ -0,65 -0,14 -58,09 }} 8,83
add_atom 333 {{ -0,65 -0,14 -58,05 }} 8,86
add_atom 334 {{ -0,65 -0,14 -58,02 }} 8,88
add_atom 335 {{ -0,65 -0,14 -57,99 }} 8,91
add_atom 336 {{ -0,65 -0,14 -57,96 }} 8,94
add_atom 337 {{ -0,65 -0,14 -57,95 }} 8,96
add_atom 338 {{ -0,65 -0,14 -57,93 }} 8,99
add_atom 339 {{ -0,65 -0,14 -57,92 }} 9,01
add_atom 340 {{ -0,65 -0,14 -57,91 }} 9,02
add_atom 341 {{ -0,64 -0,14 -57,91 }} 9,03
add_atom 342 {{ -0,64 -0,14 -57,91 }} 9,03
add_atom 343 {{ -0,65 -0,14 -57,91 }} 9,03
add_atom 344 {{ -0,65 -0,14 -57,92 }} 9,03
add_atom 345 {{ -0,65 -0,14 -57,93 }} 9,02
add_atom 346 {{ -0,65 -0,14 -57,94 }} 9,01
add_atom 347 {{ -0,65 -0,14 -57,95 }} 9,00
add_atom 348 {{ -0,65 -0,14 -57,97 }} 8,99
add_atom 349 {{ -0,65 -0,14 -57,98 }} 8,98
add_atom 350 {{ -0,65 -0,14 -58,00 }} 8,97
add_atom 351 {{ -0,65 -0,14 -58,02 }} 8,95
add_atom 352 {{ -0,65 -0,14 -58,04 }} 8,94
add_atom 353 {{ -0,65 -0,14 -58,06 }} 8,93
add_atom 354 {{ -0,65 -0,14 -58,08 }} 8,93
add_atom 355 {{ -0,65 -0,14 -58,09 }} 8,93
add_atom 356 {{ -0,65 -0,14 -58,11 }} 8,93
add_atom 357 {{ -0,65 -0,14 -58,12 }} 8,93
add_atom 358 {{ -0,65 -0,14 -58,13 }} 8,93
add_atom 359 {{ -0,65 -0,14 -58,13 }} 8,94
add_atom 360 {{ -0,65 -0,14 -58,13 }} 8,94
add_atom 361 {{ -0,65 -0,14 -58,13 }} 8,95
add_atom 362 {{ -0,65 -0,14 -58,12 }} 8,96
add_atom 363 {{ -0,65 -0,14 -58,10 }} 8,97
add_atom 364 {{ -0,65 -0,14 -58,08 }} 8,98
add_atom 365 {{ -0,65 -0,14 -58,05 }} 8,99
add_atom 366 {{ -0,65 -0,14 -58,01 }} 9,00
add_atom 367 {{ -0,65 -0,14 -57,97 }} 9,01
add_atom 368 {{ -0,64 -0,14 -57,91 }} 9,02
add_atom 369 {{ -0,64 -0,14 -57,85 }} 9,02
add_atom 370 {{ -0,64 -0,14 -57,79 }} 9,03
add_atom 371 {{ -0,64 -0,14 -57,72 }} 9,03
add_atom 372 {{ -0,64 -0,14 -57,64 }} 9,04
add_atom 373 {{ -0,64 -0,14 -57,57 }} 9,04
add_atom 374 {{ -0,64 -0,14 -57,49 }} 9,04
add_atom 375 {{ -0,63 -0,14 -57,42 }} 9,04
add_atom 376 {{ -0,63 -0,14 -57,35 }} 9,04
add_atom 377 {{ -0,63 -0,14 -57,28 }} 9,05
add_atom 378 {{ -0,63 -0,14 -57,21 }} 9,05
add_atom 379 {{ -0,63 -0,14 -57,15 }} 9,05
add_atom 380 {{ -0,63 -0,14 -57,09 }} 9,05
add_atom 381 {{ -0,63 -0,14 -57,04 }} 9,05
add_atom 382 {{ -0,63 -0,14 -57,00 }} 9,05
add_atom 383 {{ -0,63 -0,14 -56,97 }} 9,05
add_atom 384 {{ -0,63 -0,14 -56,95 }} 9,06
add_atom 385 {{ -0,63 -0,14 -56,94 }} 9,06
add_atom 386 {{ -0,62 -0,14 -56,93 }} 9,06
add_atom 387 {{ -0,62 -0,14 -56,93 }} 9,07
add_atom 388 {{ -0,63 -0,14 -56,93 }} 9,07
add_atom 389 {{ -0,63 -0,14 -56,94 }} 9,07
add_atom 390 {{ -0,63 -0,14 -56,95 }} 9,07
add_atom 391 {{ -0,63 -0,14 -56,96 }} 9,07
add_atom 392 {{ -0,63 -0,14 -56,97 }} 9,07
add_atom 393 {{ -0,63 -0,14 -56,99 }} 9,07
add_atom 394 {{ -0,63 -0,14 -57,00 }} 9,07
add_atom 395 {{ -0,63 -0,14 -57,00 }} 9,06
add_atom 396 {{ -0,63 -0,14 -57,01 }} 9,06
add_atom 397 {{ -0,63 -0,14 -57,01 }} 9,05
add_atom 398 {{ -0,63 -0,14 -57,00 }} 9,04
add_atom 399 {{ -0,63 -0,14 -56,99 }} 9,03
add_atom 400 {{ -0,63 -0,14 -56,97 }} 9,02
add_atom 401 {{ -0,63 -0,14 -56,95 }} 9,01
add_atom 402 {{ -0,62 -0,14 -56,92 }} 8,99
add_atom 403 {{ -0,62 -0,14 -56,90 }} 8,98
add_atom 404 {{ -0,62 -0,14 -56,88 }} 8,98
add_atom 405 {{ -0,62 -0,14 -56,85 }} 8,97
add_atom 406 {{ -0,62 -0,14 -56,84 }} 8,96
add_atom 407 {{ -0,62 -0,14 -56,82 }} 8,96
add_atom 408 {{ -0,62 -0,14 -56,82 }} 8,97
add_atom 409 {{ -0,62 -0,14 -56,82 }} 8,97
add_atom 410 {{ -0,62 -0,14 -56,83 }} 8,98
add_atom 411 {{ -0,62 -0,14 -56,85 }} 9,00
add_atom 412 {{ -0,62 -0,14 -56,89 }} 9,02
add_atom 413 {{ -0,62 -0,14 -56,94 }} 9,04
add_atom 414 {{ -0,63 -0,14 -57,00 }} 9,06
add_atom 415 {{ -0,63 -0,14 -57,08 }} 9,09
add_atom 416 {{ -0,63 -0,14 -57,18 }} 9,11
add_atom 417 {{ -0,63 -0,14 -57,28 }} 9,14
add_atom 418 {{ -0,63 -0,14 -57,38 }} 9,16
add_atom 419 {{ -0,64 -0,14 -57,47 }} 9,17
add_atom 420 {{ -0,64 -0,14 -57,56 }} 9,18
add_atom 421 {{ -0,64 -0,14 -57,64 }} 9,18
add_atom 422 {{ -0,64 -0,14 -57,70 }} 9,18
add_atom 423 {{ -0,64 -0,14 -57,74 }} 9,17
add_atom 424 {{ -0,64 -0,14 -57,75 }} 9,14
add_atom 425 {{ -0,64 -0,14 -57,73 }} 9,11
add_atom 426 {{ -0,64 -0,14 -57,67 }} 9,06
add_atom 427 {{ -0,64 -0,14 -57,56 }} 9,00
add_atom 428 {{ -0,63 -0,14 -57,41 }} 8,93
add_atom 429 {{ -0,63 -0,14 -57,21 }} 8,86
add_atom 430 {{ -0,63 -0,14 -56,96 }} 8,78
add_atom 431 {{ -0,62 -0,14 -56,64 }} 8,70
add_atom 432 {{ -0,61 -0,13 -56,27 }} 8,61
add_atom 433 {{ -0,60 -0,13 -55,86 }} 8,53
add_atom 434 {{ -0,59 -0,13 -55,41 }} 8,44
add_atom 435 {{ -0,58 -0,13 -54,93 }} 8,36
add_atom 436 {{ -0,57 -0,13 -54,43 }} 8,28
add_atom 437 {{ -0,56 -0,12 -53,92 }} 8,21
add_atom 438 {{ -0,55 -0,12 -53,40 }} 8,14
add_atom 439 {{ -0,54 -0,12 -52,88 }} 8,08
add_atom 440 {{ -0,53 -0,12 -52,38 }} 8,04
add_atom 441 {{ -0,52 -0,12 -51,88 }} 8,00
add_atom 442 {{ -0,51 -0,11 -51,42 }} 7,97
add_atom 443 {{ -0,50 -0,11 -50,98 }} 7,94
add_atom 444 {{ -0,50 -0,11 -50,59 }} 7,93
add_atom 445 {{ -0,49 -0,11 -50,25 }} 7,92
add_atom 446 {{ -0,48 -0,11 -49,96 }} 7,92
add_atom 447 {{ -0,48 -0,11 -49,73 }} 7,92
add_atom 448 {{ -0,48 -0,11 -49,55 }} 7,93
add_atom 449 {{ -0,47 -0,10 -49,43 }} 7,94
add_atom 450 {{ -0,47 -0,10 -49,34 }} 7,96
add_atom 451 {{ -0,47 -0,10 -49,30 }} 7,98
add_atom 452 {{ -0,47 -0,10 -49,30 }} 8,01
add_atom 453 {{ -0,47 -0,10 -49,32 }} 8,03
add_atom 454 {{ -0,47 -0,10 -49,37 }} 8,06
add_atom 455 {{ -0,47 -0,10 -49,44 }} 8,09
add_atom 456 {{ -0,48 -0,10 -49,52 }} 8,12
add_atom 457 {{ -0,48 -0,10 -49,61 }} 8,15
add_atom 458 {{ -0,48 -0,11 -49,71 }} 8,18
add_atom 459 {{ -0,48 -0,11 -49,81 }} 8,21
add_atom 460 {{ -0,48 -0,11 -49,89 }} 8,25
add_atom 461 {{ -0,48 -0,11 -49,97 }} 8,27
add_atom 462 {{ -0,49 -0,11 -50,03 }} 8,30
add_atom 463 {{ -0,49 -0,11 -50,07 }} 8,33
add_atom 464 {{ -0,49 -0,11 -50,10 }} 8,35
add_atom 465 {{ -0,49 -0,11 -50,11 }} 8,37
add_atom 466 {{ -0,49 -0,11 -50,11 }} 8,39
add_atom 467 {{ -0,49 -0,11 -50,10 }} 8,41
add_atom 468 {{ -0,49 -0,11 -50,08 }} 8,42
add_atom 469 {{ -0,49 -0,11 -50,06 }} 8,42
add_atom 470 {{ -0,49 -0,11 -50,04 }} 8,43
add_atom 471 {{ -0,48 -0,11 -50,01 }} 8,43
add_atom 472 {{ -0,48 -0,11 -49,99 }} 8,42
add_atom 473 {{ -0,48 -0,11 -49,97 }} 8,42
add_atom 474 {{ -0,48 -0,11 -49,96 }} 8,42
add_atom 475 {{ -0,48 -0,11 -49,96 }} 8,41
add_atom 476 {{ -0,48 -0,11 -49,97 }} 8,40
add_atom 477 {{ -0,48 -0,11 -49,99 }} 8,39
add_atom 478 {{ -0,49 -0,11 -50,03 }} 8,39
add_atom 479 {{ -0,49 -0,11 -50,09 }} 8,38
add_atom 480 {{ -0,49 -0,11 -50,16 }} 8,37
add_atom 481 {{ -0,49 -0,11 -50,24 }} 8,37
add_atom 482 {{ -0,49 -0,11 -50,32 }} 8,37
add_atom 483 {{ -0,49 -0,11 -50,39 }} 8,37
add_atom 484 {{ -0,49 -0,11 -50,47 }} 8,36
add_atom 485 {{ -0,50 -0,11 -50,53 }} 8,36
add_atom 486 {{ -0,50 -0,11 -50,58 }} 8,36
add_atom 487 {{ -0,50 -0,11 -50,61 }} 8,35
add_atom 488 {{ -0,50 -0,11 -50,61 }} 8,35
add_atom 489 {{ -0,50 -0,11 -50,59 }} 8,33
add_atom 490 {{ -0,50 -0,11 -50,53 }} 8,32
add_atom 491 {{ -0,49 -0,11 -50,44 }} 8,30
add_atom 492 {{ -0,49 -0,11 -50,31 }} 8,27
add_atom 493 {{ -0,49 -0,11 -50,13 }} 8,24
add_atom 494 {{ -0,48 -0,11 -49,90 }} 8,19
add_atom 495 {{ -0,48 -0,10 -49,62 }} 8,14
add_atom 496 {{ -0,47 -0,10 -49,30 }} 8,09
add_atom 497 {{ -0,46 -0,10 -48,95 }} 8,02
add_atom 498 {{ -0,46 -0,10 -48,56 }} 7,94
add_atom 499 {{ -0,45 -0,10 -48,14 }} 7,86
add_atom 500 {{ -0,44 -0,10 -47,71 }} 7,78
add_atom 501 {{ -0,43 -0,09 -47,27 }} 7,69
add_atom 502 {{ -0,42 -0,09 -46,82 }} 7,60
add_atom 503 {{ -0,41 -0,09 -46,37 }} 7,51
add_atom 504 {{ -0,40 -0,09 -45,93 }} 7,42
add_atom 505 {{ -0,39 -0,09 -45,50 }} 7,34
add_atom 506 {{ -0,39 -0,08 -45,09 }} 7,25
add_atom 507 {{ -0,38 -0,08 -44,70 }} 7,18
add_atom 508 {{ -0,37 -0,08 -44,35 }} 7,10
add_atom 509 {{ -0,36 -0,08 -44,03 }} 7,04
add_atom 510 {{ -0,36 -0,08 -43,76 }} 6,99
add_atom 511 {{ -0,35 -0,08 -43,53 }} 6,94
add_atom 512 {{ -0,35 -0,08 -43,35 }} 6,90
add_atom 513 {{ -0,35 -0,08 -43,21 }} 6,88
add_atom 514 {{ -0,35 -0,07 -43,10 }} 6,86
add_atom 515 {{ -0,34 -0,07 -43,04 }} 6,84
add_atom 516 {{ -0,34 -0,07 -43,00 }} 6,83
add_atom 517 {{ -0,34 -0,07 -43,00 }} 6,83
add_atom 518 {{ -0,34 -0,07 -43,03 }} 6,83
add_atom 519 {{ -0,34 -0,07 -43,08 }} 6,84
add_atom 520 {{ -0,35 -0,08 -43,16 }} 6,85
add_atom 521 {{ -0,35 -0,08 -43,26 }} 6,86
add_atom 522 {{ -0,35 -0,08 -43,38 }} 6,87
add_atom 523 {{ -0,35 -0,08 -43,52 }} 6,89
add_atom 524 {{ -0,36 -0,08 -43,67 }} 6,90
add_atom 525 {{ -0,36 -0,08 -43,84 }} 6,92
add_atom 526 {{ -0,36 -0,08 -44,01 }} 6,93
add_atom 527 {{ -0,37 -0,08 -44,19 }} 6,95
add_atom 528 {{ -0,37 -0,08 -44,37 }} 6,96
add_atom 529 {{ -0,37 -0,08 -44,55 }} 6,97
add_atom 530 {{ -0,38 -0,08 -44,71 }} 6,98
add_atom 531 {{ -0,38 -0,08 -44,86 }} 6,99
add_atom 532 {{ -0,38 -0,08 -44,98 }} 6,99
add_atom 533 {{ -0,38 -0,08 -45,07 }} 7,00
add_atom 534 {{ -0,39 -0,08 -45,13 }} 7,00
add_atom 535 {{ -0,39 -0,08 -45,14 }} 6,99
add_atom 536 {{ -0,39 -0,08 -45,11 }} 6,98
add_atom 537 {{ -0,38 -0,08 -45,02 }} 6,97
add_atom 538 {{ -0,38 -0,08 -44,87 }} 6,95
add_atom 539 {{ -0,38 -0,08 -44,66 }} 6,93
add_atom 540 {{ -0,37 -0,08 -44,38 }} 6,90
add_atom 541 {{ -0,36 -0,08 -44,02 }} 6,88
add_atom 542 {{ -0,35 -0,08 -43,58 }} 6,85
add_atom 543 {{ -0,34 -0,07 -43,07 }} 6,83
add_atom 544 {{ -0,33 -0,07 -42,48 }} 6,80
add_atom 545 {{ -0,32 -0,07 -41,84 }} 6,79
add_atom 546 {{ -0,31 -0,07 -41,16 }} 6,78
add_atom 547 {{ -0,29 -0,06 -40,44 }} 6,78
add_atom 548 {{ -0,28 -0,06 -39,70 }} 6,78
add_atom 549 {{ -0,26 -0,06 -38,94 }} 6,80
add_atom 550 {{ -0,25 -0,05 -38,19 }} 6,83
add_atom 551 {{ -0,23 -0,05 -37,44 }} 6,88
add_atom 552 {{ -0,22 -0,05 -36,71 }} 6,94
add_atom 553 {{ -0,20 -0,04 -36,02 }} 7,01
add_atom 554 {{ -0,19 -0,04 -35,36 }} 7,11
add_atom 555 {{ -0,18 -0,04 -34,76 }} 7,21
add_atom 556 {{ -0,17 -0,04 -34,22 }} 7,32
add_atom 557 {{ -0,16 -0,03 -33,75 }} 7,44
add_atom 558 {{ -0,15 -0,03 -33,37 }} 7,57
add_atom 559 {{ -0,14 -0,03 -33,07 }} 7,70
add_atom 560 {{ -0,14 -0,03 -32,84 }} 7,82
add_atom 561 {{ -0,14 -0,03 -32,68 }} 7,94
add_atom 562 {{ -0,13 -0,03 -32,58 }} 8,06
add_atom 563 {{ -0,13 -0,03 -32,54 }} 8,17
add_atom 564 {{ -0,13 -0,03 -32,54 }} 8,27
add_atom 565 {{ -0,13 -0,03 -32,59 }} 8,36
add_atom 566 {{ -0,14 -0,03 -32,67 }} 8,43
add_atom 567 {{ -0,14 -0,03 -32,78 }} 8,48
add_atom 568 {{ -0,14 -0,03 -32,91 }} 8,51
add_atom 569 {{ -0,14 -0,03 -33,05 }} 8,53
add_atom 570 {{ -0,15 -0,03 -33,21 }} 8,54
add_atom 571 {{ -0,15 -0,03 -33,36 }} 8,54
add_atom 572 {{ -0,15 -0,03 -33,51 }} 8,53
add_atom 573 {{ -0,15 -0,03 -33,65 }} 8,51
add_atom 574 {{ -0,16 -0,03 -33,76 }} 8,48
add_atom 575 {{ -0,16 -0,03 -33,87 }} 8,45
add_atom 576 {{ -0,16 -0,04 -33,95 }} 8,42
add_atom 577 {{ -0,16 -0,04 -34,01 }} 8,39
add_atom 578 {{ -0,16 -0,04 -34,06 }} 8,37
add_atom 579 {{ -0,16 -0,04 -34,09 }} 8,34
add_atom 580 {{ -0,16 -0,04 -34,11 }} 8,32
add_atom 581 {{ -0,16 -0,04 -34,11 }} 8,31
add_atom 582 {{ -0,16 -0,04 -34,10 }} 8,30
add_atom 583 {{ -0,16 -0,04 -34,07 }} 8,31
add_atom 584 {{ -0,16 -0,04 -34,03 }} 8,31
add_atom 585 {{ -0,16 -0,04 -33,98 }} 8,32
add_atom 586 {{ -0,16 -0,04 -33,92 }} 8,34
add_atom 587 {{ -0,16 -0,04 -33,84 }} 8,36
add_atom 588 {{ -0,16 -0,03 -33,76 }} 8,38
add_atom 589 {{ -0,16 -0,03 -33,67 }} 8,40
add_atom 590 {{ -0,15 -0,03 -33,57 }} 8,42
add_atom 591 {{ -0,15 -0,03 -33,46 }} 8,44
add_atom 592 {{ -0,15 -0,03 -33,34 }} 8,45
add_atom 593 {{ -0,15 -0,03 -33,22 }} 8,47
add_atom 594 {{ -0,14 -0,03 -33,10 }} 8,48
add_atom 595 {{ -0,14 -0,03 -32,98 }} 8,49
add_atom 596 {{ -0,14 -0,03 -32,85 }} 8,49
add_atom 597 {{ -0,14 -0,03 -32,72 }} 8,49
add_atom 598 {{ -0,13 -0,03 -32,60 }} 8,49
add_atom 599 {{ -0,13 -0,03 -32,48 }} 8,48
add_atom 600 {{ -0,13 -0,03 -32,36 }} 8,47
add_atom 601 {{ -0,13 -0,03 -32,25 }} 8,46
add_atom 602 {{ -0,12 -0,03 -32,14 }} 8,44
add_atom 603 {{ -0,12 -0,03 -32,05 }} 8,43
add_atom 604 {{ -0,12 -0,03 -31,96 }} 8,41
add_atom 605 {{ -0,12 -0,03 -31,88 }} 8,40
add_atom 606 {{ -0,12 -0,03 -31,82 }} 8,38
add_atom 607 {{ -0,12 -0,03 -31,76 }} 8,37
add_atom 608 {{ -0,12 -0,03 -31,72 }} 8,36
add_atom 609 {{ -0,11 -0,03 -31,68 }} 8,35
add_atom 610 {{ -0,11 -0,03 -31,66 }} 8,34
add_atom 611 {{ -0,11 -0,03 -31,65 }} 8,34
add_atom 612 {{ -0,11 -0,03 -31,64 }} 8,34
add_atom 613 {{ -0,11 -0,03 -31,64 }} 8,33
add_atom 614 {{ -0,11 -0,03 -31,65 }} 8,33
add_atom 615 {{ -0,11 -0,03 -31,67 }} 8,33
add_atom 616 {{ -0,12 -0,03 -31,69 }} 8,34
add_atom 617 {{ -0,12 -0,03 -31,72 }} 8,34
add_atom 618 {{ -0,12 -0,03 -31,76 }} 8,34
add_atom 619 {{ -0,12 -0,03 -31,80 }} 8,35
add_atom 620 {{ -0,12 -0,03 -31,84 }} 8,35
add_atom 621 {{ -0,12 -0,03 -31,89 }} 8,36
add_atom 622 {{ -0,12 -0,03 -31,94 }} 8,36
add_atom 623 {{ -0,12 -0,03 -31,99 }} 8,37
add_atom 624 {{ -0,12 -0,03 -32,04 }} 8,37
add_atom 625 {{ -0,12 -0,03 -32,09 }} 8,38
add_atom 626 {{ -0,12 -0,03 -32,14 }} 8,38
add_atom 627 {{ -0,13 -0,03 -32,18 }} 8,38
add_atom 628 {{ -0,13 -0,03 -32,21 }} 8,38
add_atom 629 {{ -0,13 -0,03 -32,23 }} 8,39
add_atom 630 {{ -0,13 -0,03 -32,24 }} 8,39
add_atom 631 {{ -0,13 -0,03 -32,24 }} 8,39
add_atom 632 {{ -0,13 -0,03 -32,23 }} 8,38
add_atom 633 {{ -0,13 -0,03 -32,19 }} 8,38
add_atom 634 {{ -0,12 -0,03 -32,14 }} 8,38
add_atom 635 {{ -0,12 -0,03 -32,07 }} 8,37
add_atom 636 {{ -0,12 -0,03 -31,98 }} 8,37
add_atom 637 {{ -0,12 -0,03 -31,86 }} 8,36
add_atom 638 {{ -0,12 -0,03 -31,72 }} 8,35
add_atom 639 {{ -0,11 -0,03 -31,55 }} 8,34
add_atom 640 {{ -0,11 -0,02 -31,37 }} 8,33
add_atom 641 {{ -0,10 -0,02 -31,17 }} 8,32
add_atom 642 {{ -0,10 -0,02 -30,96 }} 8,31
add_atom 643 {{ -0,10 -0,02 -30,75 }} 8,29
add_atom 644 {{ -0,09 -0,02 -30,52 }} 8,28
add_atom 645 {{ -0,09 -0,02 -30,30 }} 8,27
add_atom 646 {{ -0,08 -0,02 -30,07 }} 8,25
add_atom 647 {{ -0,08 -0,02 -29,85 }} 8,24
add_atom 648 {{ -0,07 -0,02 -29,64 }} 8,23
add_atom 649 {{ -0,07 -0,02 -29,43 }} 8,21
add_atom 650 {{ -0,07 -0,01 -29,24 }} 8,20
add_atom 651 {{ -0,06 -0,01 -29,07 }} 8,19
add_atom 652 {{ -0,06 -0,01 -28,92 }} 8,18
add_atom 653 {{ -0,06 -0,01 -28,79 }} 8,17
add_atom 654 {{ -0,05 -0,01 -28,69 }} 8,17
add_atom 655 {{ -0,05 -0,01 -28,61 }} 8,16
add_atom 656 {{ -0,05 -0,01 -28,55 }} 8,15
add_atom 657 {{ -0,05 -0,01 -28,51 }} 8,15
add_atom 658 {{ -0,05 -0,01 -28,49 }} 8,14
add_atom 659 {{ -0,05 -0,01 -28,48 }} 8,14
add_atom 660 {{ -0,05 -0,01 -28,49 }} 8,14
add_atom 661 {{ -0,05 -0,01 -28,51 }} 8,14
add_atom 662 {{ -0,05 -0,01 -28,53 }} 8,14
add_atom 663 {{ -0,05 -0,01 -28,57 }} 8,14
add_atom 664 {{ -0,05 -0,01 -28,61 }} 8,14
add_atom 665 {{ -0,05 -0,01 -28,66 }} 8,14
add_atom 666 {{ -0,06 -0,01 -28,70 }} 8,14
add_atom 667 {{ -0,06 -0,01 -28,75 }} 8,14
add_atom 668 {{ -0,06 -0,01 -28,79 }} 8,15
add_atom 669 {{ -0,06 -0,01 -28,83 }} 8,15
add_atom 670 {{ -0,06 -0,01 -28,87 }} 8,15
add_atom 671 {{ -0,06 -0,01 -28,90 }} 8,16
add_atom 672 {{ -0,06 -0,01 -28,92 }} 8,16
add_atom 673 {{ -0,06 -0,01 -28,94 }} 8,16
add_atom 674 {{ -0,06 -0,01 -28,96 }} 8,17
add_atom 675 {{ -0,06 -0,01 -28,97 }} 8,17
add_atom 676 {{ -0,06 -0,01 -28,97 }} 8,17
add_atom 677 {{ -0,06 -0,01 -28,97 }} 8,17
add_atom 678 {{ -0,06 -0,01 -28,97 }} 8,17
add_atom 679 {{ -0,06 -0,01 -28,96 }} 8,17
add_atom 680 {{ -0,06 -0,01 -28,94 }} 8,17
add_atom 681 {{ -0,06 -0,01 -28,92 }} 8,17
add_atom 682 {{ -0,06 -0,01 -28,90 }} 8,17
add_atom 683 {{ -0,06 -0,01 -28,87 }} 8,17
add_atom 684 {{ -0,06 -0,01 -28,84 }} 8,16
add_atom 685 {{ -0,06 -0,01 -28,80 }} 8,16
add_atom 686 {{ -0,06 -0,01 -28,76 }} 8,15
add_atom 687 {{ -0,06 -0,01 -28,72 }} 8,15
add_atom 688 {{ -0,05 -0,01 -28,68 }} 8,14
add_atom 689 {{ -0,05 -0,01 -28,63 }} 8,14
add_atom 690 {{ -0,05 -0,01 -28,58 }} 8,13
add_atom 691 {{ -0,05 -0,01 -28,53 }} 8,13
add_atom 692 {{ -0,05 -0,01 -28,48 }} 8,12
add_atom 693 {{ -0,05 -0,01 -28,43 }} 8,12
add_atom 694 {{ -0,05 -0,01 -28,38 }} 8,11
add_atom 695 {{ -0,05 -0,01 -28,33 }} 8,11
add_atom 696 {{ -0,05 -0,01 -28,29 }} 8,10
add_atom 697 {{ -0,05 -0,01 -28,24 }} 8,10
add_atom 698 {{ -0,05 -0,01 -28,21 }} 8,10
add_atom 699 {{ -0,04 -0,01 -28,17 }} 8,09
add_atom 700 {{ -0,04 -0,01 -28,14 }} 8,09
add_atom 701 {{ -0,04 -0,01 -28,12 }} 8,09
add_atom 702 {{ -0,04 -0,01 -28,10 }} 8,09
add_atom 703 {{ -0,04 -0,01 -28,09 }} 8,09
add_atom 704 {{ -0,04 -0,01 -28,08 }} 8,09
add_atom 705 {{ -0,04 -0,01 -28,07 }} 8,09
add_atom 706 {{ -0,04 -0,01 -28,07 }} 8,08
add_atom 707 {{ -0,04 -0,01 -28,07 }} 8,08
add_atom 708 {{ -0,04 -0,01 -28,08 }} 8,08
add_atom 709 {{ -0,04 -0,01 -28,08 }} 8,08
add_atom 710 {{ -0,04 -0,01 -28,09 }} 8,08
add_atom 711 {{ -0,04 -0,01 -28,10 }} 8,08
add_atom 712 {{ -0,04 -0,01 -28,10 }} 8,08
add_atom 713 {{ -0,04 -0,01 -28,11 }} 8,09
add_atom 714 {{ -0,04 -0,01 -28,12 }} 8,09
add_atom 715 {{ -0,04 -0,01 -28,12 }} 8,09
add_atom 716 {{ -0,04 -0,01 -28,13 }} 8,09
add_atom 717 {{ -0,04 -0,01 -28,13 }} 8,09
add_atom 718 {{ -0,04 -0,01 -28,13 }} 8,09
add_atom 719 {{ -0,04 -0,01 -28,13 }} 8,09
add_atom 720 {{ -0,04 -0,01 -28,12 }} 8,09
add_atom 721 {{ -0,04 -0,01 -28,12 }} 8,09
add_atom 722 {{ -0,04 -0,01 -28,11 }} 8,09
add_atom 723 {{ -0,04 -0,01 -28,11 }} 8,09
add_atom 724 {{ -0,04 -0,01 -28,10 }} 8,09
add_atom 725 {{ -0,04 -0,01 -28,10 }} 8,09
add_atom 726 {{ -0,04 -0,01 -28,09 }} 8,10
add_atom 727 {{ -0,04 -0,01 -28,09 }} 8,10
add_atom 728 {{ -0,04 -0,01 -28,09 }} 8,10
add_atom 729 {{ -0,04 -0,01 -28,09 }} 8,10
add_atom 730 {{ -0,04 -0,01 -28,10 }} 8,10
add_atom 731 {{ -0,04 -0,01 -28,11 }} 8,10
add_atom 732 {{ -0,04 -0,01 -28,12 }} 8,10
add_atom 733 {{ -0,04 -0,01 -28,14 }} 8,10
add_atom 734 {{ -0,04 -0,01 -28,16 }} 8,10
add_atom 735 {{ -0,04 -0,01 -28,18 }} 8,10
add_atom 736 {{ -0,04 -0,01 -28,20 }} 8,10
add_atom 737 {{ -0,05 -0,01 -28,23 }} 8,10
add_atom 738 {{ -0,05 -0,01 -28,25 }} 8,10
add_atom 739 {{ -0,05 -0,01 -28,27 }} 8,10
add_atom 740 {{ -0,05 -0,01 -28,29 }} 8,10
add_atom 741 {{ -0,05 -0,01 -28,30 }} 8,10
add_atom 742 {{ -0,05 -0,01 -28,30 }} 8,10
add_atom 743 {{ -0,05 -0,01 -28,30 }} 8,10
add_atom 744 {{ -0,05 -0,01 -28,29 }} 8,10
add_atom 745 {{ -0,05 -0,01 -28,27 }} 8,09
add_atom 746 {{ -0,05 -0,01 -28,24 }} 8,09
add_atom 747 {{ -0,04 -0,01 -28,20 }} 8,09
add_atom 748 {{ -0,04 -0,01 -28,14 }} 8,08
add_atom 749 {{ -0,04 -0,01 -28,07 }} 8,07
add_atom 750 {{ -0,04 -0,01 -27,99 }} 8,07
add_atom 751 {{ -0,04 -0,01 -27,90 }} 8,06
add_atom 752 {{ -0,04 -0,01 -27,79 }} 8,05
add_atom 753 {{ -0,03 -0,01 -27,68 }} 8,03
add_atom 754 {{ -0,03 -0,01 -27,56 }} 8,02
add_atom 755 {{ -0,03 -0,01 -27,43 }} 8,01
add_atom 756 {{ -0,03 -0,01 -27,31 }} 7,99
add_atom 757 {{ -0,02 -0,01 -27,18 }} 7,98
add_atom 758 {{ -0,02 0,00 -27,05 }} 7,96
add_atom 759 {{ -0,02 0,00 -26,92 }} 7,95
add_atom 760 {{ -0,02 0,00 -26,79 }} 7,93
add_atom 761 {{ -0,01 0,00 -26,68 }} 7,91
add_atom 762 {{ -0,01 0,00 -26,56 }} 7,90
add_atom 763 {{ -0,01 0,00 -26,46 }} 7,88
add_atom 764 {{ -0,01 0,00 -26,37 }} 7,86
add_atom 765 {{ -0,01 0,00 -26,28 }} 7,85
add_atom 766 {{ 0,00 0,00 -26,21 }} 7,83
add_atom 767 {{ 0,00 0,00 -26,16 }} 7,81
add_atom 768 {{ 0,00 0,00 -26,11 }} 7,80
add_atom 769 {{ 0,00 0,00 -26,07 }} 7,79
add_atom 770 {{ 0,00 0,00 -26,05 }} 7,78
add_atom 771 {{ 0,00 0,00 -26,04 }} 7,77
add_atom 772 {{ 0,00 0,00 -26,03 }} 7,76
add_atom 773 {{ 0,00 0,00 -26,04 }} 7,76
add_atom 774 {{ 0,00 0,00 -26,05 }} 7,76
add_atom 775 {{ 0,00 0,00 -26,08 }} 7,76
add_atom 776 {{ 0,00 0,00 -26,12 }} 7,76
add_atom 777 {{ 0,00 0,00 -26,16 }} 7,77
add_atom 778 {{ 0,00 0,00 -26,21 }} 7,79
add_atom 779 {{ -0,01 0,00 -26,27 }} 7,81
add_atom 780 {{ -0,01 0,00 -26,34 }} 7,83
add_atom 781 {{ -0,01 0,00 -26,42 }} 7,86
add_atom 782 {{ -0,01 0,00 -26,50 }} 7,89
add_atom 783 {{ -0,01 0,00 -26,58 }} 7,91
add_atom 784 {{ -0,01 0,00 -26,67 }} 7,94
add_atom 785 {{ -0,02 0,00 -26,74 }} 7,96
add_atom 786 {{ -0,02 0,00 -26,81 }} 7,98
add_atom 787 {{ -0,02 0,00 -26,87 }} 7,99
add_atom 788 {{ -0,02 0,00 -26,91 }} 7,99
add_atom 789 {{ -0,02 0,00 -26,94 }} 7,99
add_atom 790 {{ -0,02 0,00 -26,94 }} 7,98
add_atom 791 {{ -0,02 0,00 -26,93 }} 7,95
add_atom 792 {{ -0,02 0,00 -26,88 }} 7,92
add_atom 793 {{ -0,02 0,00 -26,80 }} 7,86
add_atom 794 {{ -0,01 0,00 -26,69 }} 7,80
add_atom 795 {{ -0,01 0,00 -26,54 }} 7,72
add_atom 796 {{ -0,01 0,00 -26,35 }} 7,63
add_atom 797 {{ 0,00 0,00 -26,12 }} 7,54
add_atom 798 {{ 0,00 0,00 -25,85 }} 7,43
add_atom 799 {{ 0,01 0,00 -25,55 }} 7,32
add_atom 800 {{ 0,02 0,00 -25,22 }} 7,21
add_atom 801 {{ 0,02 0,01 -24,87 }} 7,09
add_atom 802 {{ 0,03 0,01 -24,50 }} 6,97
add_atom 803 {{ 0,04 0,01 -24,12 }} 6,86
add_atom 804 {{ 0,05 0,01 -23,73 }} 6,74
add_atom 805 {{ 0,05 0,01 -23,35 }} 6,63
add_atom 806 {{ 0,06 0,01 -22,96 }} 6,53
add_atom 807 {{ 0,07 0,02 -22,59 }} 6,43
add_atom 808 {{ 0,08 0,02 -22,24 }} 6,34
add_atom 809 {{ 0,08 0,02 -21,90 }} 6,26
add_atom 810 {{ 0,09 0,02 -21,59 }} 6,19
add_atom 811 {{ 0,09 0,02 -21,31 }} 6,12
add_atom 812 {{ 0,10 0,02 -21,07 }} 6,06
add_atom 813 {{ 0,10 0,02 -20,88 }} 6,01
add_atom 814 {{ 0,11 0,02 -20,72 }} 5,97
add_atom 815 {{ 0,11 0,02 -20,59 }} 5,94
add_atom 816 {{ 0,11 0,02 -20,50 }} 5,92
add_atom 817 {{ 0,11 0,02 -20,44 }} 5,90
add_atom 818 {{ 0,11 0,02 -20,42 }} 5,89
add_atom 819 {{ 0,11 0,02 -20,41 }} 5,89
add_atom 820 {{ 0,11 0,02 -20,43 }} 5,90
add_atom 821 {{ 0,11 0,02 -20,47 }} 5,91
add_atom 822 {{ 0,11 0,02 -20,53 }} 5,94
add_atom 823 {{ 0,11 0,02 -20,60 }} 5,96
add_atom 824 {{ 0,11 0,02 -20,69 }} 6,00
add_atom 825 {{ 0,11 0,02 -20,78 }} 6,04
add_atom 826 {{ 0,10 0,02 -20,89 }} 6,08
add_atom 827 {{ 0,10 0,02 -20,99 }} 6,12
add_atom 828 {{ 0,10 0,02 -21,10 }} 6,16
add_atom 829 {{ 0,10 0,02 -21,21 }} 6,20
add_atom 830 {{ 0,09 0,02 -21,31 }} 6,24
add_atom 831 {{ 0,09 0,02 -21,41 }} 6,27
add_atom 832 {{ 0,09 0,02 -21,50 }} 6,29
add_atom 833 {{ 0,09 0,02 -21,58 }} 6,31
add_atom 834 {{ 0,09 0,02 -21,64 }} 6,33
add_atom 835 {{ 0,09 0,02 -21,69 }} 6,33
add_atom 836 {{ 0,09 0,02 -21,73 }} 6,32
add_atom 837 {{ 0,09 0,02 -21,74 }} 6,30
add_atom 838 {{ 0,09 0,02 -21,73 }} 6,27
add_atom 839 {{ 0,09 0,02 -21,69 }} 6,23
add_atom 840 {{ 0,09 0,02 -21,62 }} 6,18
add_atom 841 {{ 0,09 0,02 -21,53 }} 6,12
add_atom 842 {{ 0,09 0,02 -21,40 }} 6,05
add_atom 843 {{ 0,10 0,02 -21,24 }} 5,97
add_atom 844 {{ 0,10 0,02 -21,04 }} 5,88
add_atom 845 {{ 0,11 0,02 -20,80 }} 5,78
add_atom 846 {{ 0,11 0,02 -20,53 }} 5,67
add_atom 847 {{ 0,12 0,03 -20,23 }} 5,55
add_atom 848 {{ 0,12 0,03 -19,91 }} 5,42
add_atom 849 {{ 0,13 0,03 -19,57 }} 5,28
add_atom 850 {{ 0,14 0,03 -19,21 }} 5,14
add_atom 851 {{ 0,14 0,03 -18,84 }} 4,98
add_atom 852 {{ 0,15 0,03 -18,48 }} 4,83
add_atom 853 {{ 0,16 0,03 -18,11 }} 4,67
add_atom 854 {{ 0,17 0,04 -17,75 }} 4,50
add_atom 855 {{ 0,17 0,04 -17,40 }} 4,34
add_atom 856 {{ 0,18 0,04 -17,06 }} 4,19
add_atom 857 {{ 0,19 0,04 -16,75 }} 4,04
add_atom 858 {{ 0,19 0,04 -16,46 }} 3,89
add_atom 859 {{ 0,20 0,04 -16,20 }} 3,76
add_atom 860 {{ 0,20 0,04 -15,98 }} 3,64
add_atom 861 {{ 0,21 0,05 -15,80 }} 3,53
add_atom 862 {{ 0,21 0,05 -15,65 }} 3,44
add_atom 863 {{ 0,21 0,05 -15,54 }} 3,37
add_atom 864 {{ 0,21 0,05 -15,46 }} 3,32
add_atom 865 {{ 0,21 0,05 -15,40 }} 3,29
add_atom 866 {{ 0,21 0,05 -15,38 }} 3,27
add_atom 867 {{ 0,21 0,05 -15,38 }} 3,27
add_atom 868 {{ 0,21 0,05 -15,40 }} 3,29
add_atom 869 {{ 0,21 0,05 -15,44 }} 3,32
add_atom 870 {{ 0,21 0,05 -15,49 }} 3,35
add_atom 871 {{ 0,21 0,05 -15,57 }} 3,40
add_atom 872 {{ 0,21 0,05 -15,66 }} 3,45
add_atom 873 {{ 0,21 0,05 -15,75 }} 3,50
add_atom 874 {{ 0,20 0,05 -15,86 }} 3,56
add_atom 875 {{ 0,20 0,04 -15,97 }} 3,62
add_atom 876 {{ 0,20 0,04 -16,09 }} 3,67
add_atom 877 {{ 0,20 0,04 -16,20 }} 3,73
add_atom 878 {{ 0,20 0,04 -16,32 }} 3,77
add_atom 879 {{ 0,19 0,04 -16,43 }} 3,82
add_atom 880 {{ 0,19 0,04 -16,53 }} 3,85
add_atom 881 {{ 0,19 0,04 -16,62 }} 3,88
add_atom 882 {{ 0,19 0,04 -16,70 }} 3,90
add_atom 883 {{ 0,19 0,04 -16,75 }} 3,91
add_atom 884 {{ 0,19 0,04 -16,79 }} 3,92
add_atom 885 {{ 0,19 0,04 -16,80 }} 3,92
add_atom 886 {{ 0,19 0,04 -16,78 }} 3,91
add_atom 887 {{ 0,19 0,04 -16,74 }} 3,89
add_atom 888 {{ 0,19 0,04 -16,66 }} 3,87
add_atom 889 {{ 0,19 0,04 -16,54 }} 3,83
add_atom 890 {{ 0,19 0,04 -16,38 }} 3,79
add_atom 891 {{ 0,20 0,04 -16,17 }} 3,74
add_atom 892 {{ 0,20 0,04 -15,92 }} 3,68
add_atom 893 {{ 0,21 0,05 -15,63 }} 3,61
add_atom 894 {{ 0,22 0,05 -15,29 }} 3,53
add_atom 895 {{ 0,22 0,05 -14,92 }} 3,45
add_atom 896 {{ 0,23 0,05 -14,53 }} 3,36
add_atom 897 {{ 0,24 0,05 -14,11 }} 3,28
add_atom 898 {{ 0,25 0,05 -13,67 }} 3,19
add_atom 899 {{ 0,26 0,06 -13,23 }} 3,11
add_atom 900 {{ 0,27 0,06 -12,79 }} 3,03
add_atom 901 {{ 0,28 0,06 -12,35 }} 2,96
add_atom 902 {{ 0,28 0,06 -11,91 }} 2,89
add_atom 903 {{ 0,29 0,06 -11,50 }} 2,83
add_atom 904 {{ 0,30 0,07 -11,10 }} 2,79
add_atom 905 {{ 0,31 0,07 -10,74 }} 2,76
add_atom 906 {{ 0,32 0,07 -10,41 }} 2,74
add_atom 907 {{ 0,32 0,07 -10,11 }} 2,74
add_atom 908 {{ 0,33 0,07 -9,87 }} 2,75
add_atom 909 {{ 0,33 0,07 -9,67 }} 2,77
add_atom 910 {{ 0,33 0,07 -9,52 }} 2,81
add_atom 911 {{ 0,34 0,07 -9,41 }} 2,85
add_atom 912 {{ 0,34 0,07 -9,33 }} 2,89
add_atom 913 {{ 0,34 0,07 -9,29 }} 2,94
add_atom 914 {{ 0,34 0,07 -9,28 }} 2,98
add_atom 915 {{ 0,34 0,07 -9,29 }} 3,03
add_atom 916 {{ 0,34 0,07 -9,33 }} 3,07
add_atom 917 {{ 0,34 0,07 -9,39 }} 3,11
add_atom 918 {{ 0,33 0,07 -9,46 }} 3,14
add_atom 919 {{ 0,33 0,07 -9,55 }} 3,16
add_atom 920 {{ 0,33 0,07 -9,65 }} 3,16
add_atom 921 {{ 0,33 0,07 -9,75 }} 3,16
add_atom 922 {{ 0,33 0,07 -9,85 }} 3,14
add_atom 923 {{ 0,32 0,07 -9,95 }} 3,11
add_atom 924 {{ 0,32 0,07 -10,05 }} 3,07
add_atom 925 {{ 0,32 0,07 -10,15 }} 3,03
add_atom 926 {{ 0,32 0,07 -10,23 }} 2,99
add_atom 927 {{ 0,32 0,07 -10,30 }} 2,94
add_atom 928 {{ 0,32 0,07 -10,37 }} 2,90
add_atom 929 {{ 0,31 0,07 -10,42 }} 2,86
add_atom 930 {{ 0,31 0,07 -10,46 }} 2,82
add_atom 931 {{ 0,31 0,07 -10,49 }} 2,79
add_atom 932 {{ 0,31 0,07 -10,50 }} 2,77
add_atom 933 {{ 0,31 0,07 -10,49 }} 2,76
add_atom 934 {{ 0,31 0,07 -10,47 }} 2,76
add_atom 935 {{ 0,31 0,07 -10,42 }} 2,78
add_atom 936 {{ 0,32 0,07 -10,36 }} 2,81
add_atom 937 {{ 0,32 0,07 -10,28 }} 2,85
add_atom 938 {{ 0,32 0,07 -10,17 }} 2,91
add_atom 939 {{ 0,32 0,07 -10,04 }} 2,97
add_atom 940 {{ 0,33 0,07 -9,88 }} 3,04
add_atom 941 {{ 0,33 0,07 -9,70 }} 3,12
add_atom 942 {{ 0,33 0,07 -9,51 }} 3,20
add_atom 943 {{ 0,34 0,07 -9,29 }} 3,29
add_atom 944 {{ 0,34 0,08 -9,06 }} 3,38
add_atom 945 {{ 0,35 0,08 -8,82 }} 3,47
add_atom 946 {{ 0,35 0,08 -8,58 }} 3,56
add_atom 947 {{ 0,36 0,08 -8,33 }} 3,65
add_atom 948 {{ 0,36 0,08 -8,08 }} 3,73
add_atom 949 {{ 0,37 0,08 -7,84 }} 3,81
add_atom 950 {{ 0,37 0,08 -7,60 }} 3,88
add_atom 951 {{ 0,38 0,08 -7,37 }} 3,95
add_atom 952 {{ 0,38 0,08 -7,16 }} 4,01
add_atom 953 {{ 0,38 0,08 -6,96 }} 4,07
add_atom 954 {{ 0,39 0,09 -6,78 }} 4,13
add_atom 955 {{ 0,39 0,09 -6,62 }} 4,18
add_atom 956 {{ 0,39 0,09 -6,49 }} 4,22
add_atom 957 {{ 0,40 0,09 -6,39 }} 4,26
add_atom 958 {{ 0,40 0,09 -6,31 }} 4,30
add_atom 959 {{ 0,40 0,09 -6,25 }} 4,33
add_atom 960 {{ 0,40 0,09 -6,21 }} 4,36
add_atom 961 {{ 0,40 0,09 -6,19 }} 4,38
add_atom 962 {{ 0,40 0,09 -6,19 }} 4,40
add_atom 963 {{ 0,40 0,09 -6,20 }} 4,42
add_atom 964 {{ 0,40 0,09 -6,22 }} 4,44
add_atom 965 {{ 0,40 0,09 -6,26 }} 4,45
add_atom 966 {{ 0,40 0,09 -6,30 }} 4,46
add_atom 967 {{ 0,40 0,09 -6,35 }} 4,46
add_atom 968 {{ 0,40 0,09 -6,41 }} 4,46
add_atom 969 {{ 0,40 0,09 -6,46 }} 4,47
add_atom 970 {{ 0,39 0,09 -6,52 }} 4,47
add_atom 971 {{ 0,39 0,09 -6,58 }} 4,46
add_atom 972 {{ 0,39 0,09 -6,64 }} 4,46
add_atom 973 {{ 0,39 0,09 -6,69 }} 4,46
add_atom 974 {{ 0,39 0,09 -6,74 }} 4,45
add_atom 975 {{ 0,39 0,09 -6,79 }} 4,44
add_atom 976 {{ 0,39 0,09 -6,83 }} 4,44
add_atom 977 {{ 0,39 0,09 -6,86 }} 4,43
add_atom 978 {{ 0,39 0,09 -6,88 }} 4,43
add_atom 979 {{ 0,39 0,09 -6,90 }} 4,42
add_atom 980 {{ 0,39 0,09 -6,90 }} 4,41
add_atom 981 {{ 0,39 0,09 -6,90 }} 4,41
add_atom 982 {{ 0,39 0,09 -6,88 }} 4,40
add_atom 983 {{ 0,39 0,09 -6,85 }} 4,40
add_atom 984 {{ 0,39 0,09 -6,81 }} 4,40
add_atom 985 {{ 0,39 0,09 -6,76 }} 4,40
add_atom 986 {{ 0,39 0,09 -6,69 }} 4,39
add_atom 987 {{ 0,39 0,09 -6,60 }} 4,40
add_atom 988 {{ 0,39 0,09 -6,49 }} 4,40
add_atom 989 {{ 0,40 0,09 -6,38 }} 4,40
add_atom 990 {{ 0,40 0,09 -6,25 }} 4,41
add_atom 991 {{ 0,40 0,09 -6,10 }} 4,41
add_atom 992 {{ 0,41 0,09 -5,95 }} 4,42
add_atom 993 {{ 0,41 0,09 -5,80 }} 4,43
add_atom 994 {{ 0,41 0,09 -5,64 }} 4,44
add_atom 995 {{ 0,42 0,09 -5,47 }} 4,45
add_atom 996 {{ 0,42 0,09 -5,31 }} 4,47
add_atom 997 {{ 0,42 0,09 -5,15 }} 4,48
add_atom 998 {{ 0,42 0,09 -4,99 }} 4,49
add_atom 999 {{ 0,43 0,09 -4,84 }} 4,51
add_atom 1000 {{ 0,43 0,10 -4,70 }} 4,52
add_atom 1001 {{ 0,43 0,10 -4,57 }} 4,54
add_atom 1002 {{ 0,44 0,10 -4,45 }} 4,55
add_atom 1003 {{ 0,44 0,10 -4,35 }} 4,56
add_atom 1004 {{ 0,44 0,10 -4,26 }} 4,57
add_atom 1005 {{ 0,44 0,10 -4,19 }} 4,58
add_atom 1006 {{ 0,44 0,10 -4,13 }} 4,59
add_atom 1007 {{ 0,44 0,10 -4,09 }} 4,60
add_atom 1008 {{ 0,44 0,10 -4,06 }} 4,61
add_atom 1009 {{ 0,44 0,10 -4,04 }} 4,61
add_atom 1010 {{ 0,44 0,10 -4,04 }} 4,62
add_atom 1011 {{ 0,44 0,10 -4,04 }} 4,62
add_atom 1012 {{ 0,44 0,10 -4,06 }} 4,62
add_atom 1013 {{ 0,44 0,10 -4,08 }} 4,62
add_atom 1014 {{ 0,44 0,10 -4,11 }} 4,62
add_atom 1015 {{ 0,44 0,10 -4,15 }} 4,62
add_atom 1016 {{ 0,44 0,10 -4,19 }} 4,62
add_atom 1017 {{ 0,44 0,10 -4,24 }} 4,62
add_atom 1018 {{ 0,44 0,10 -4,29 }} 4,62
add_atom 1019 {{ 0,44 0,10 -4,35 }} 4,61
add_atom 1020 {{ 0,44 0,10 -4,41 }} 4,61
add_atom 1021 {{ 0,44 0,10 -4,47 }} 4,61
add_atom 1022 {{ 0,43 0,10 -4,52 }} 4,60
add_atom 1023 {{ 0,43 0,09 -4,58 }} 4,60
add_atom 1024 {{ 0,43 0,09 -4,63 }} 4,59
add_atom 1025 {{ 0,43 0,09 -4,67 }} 4,59
add_atom 1026 {{ 0,43 0,09 -4,70 }} 4,59
add_atom 1027 {{ 0,43 0,09 -4,72 }} 4,58
add_atom 1028 {{ 0,43 0,09 -4,73 }} 4,58
add_atom 1029 {{ 0,43 0,09 -4,73 }} 4,57
add_atom 1030 {{ 0,43 0,09 -4,71 }} 4,57
add_atom 1031 {{ 0,43 0,09 -4,68 }} 4,57
add_atom 1032 {{ 0,43 0,09 -4,62 }} 4,57
add_atom 1033 {{ 0,43 0,10 -4,54 }} 4,57
add_atom 1034 {{ 0,44 0,10 -4,45 }} 4,57
add_atom 1035 {{ 0,44 0,10 -4,32 }} 4,57
add_atom 1036 {{ 0,44 0,10 -4,17 }} 4,57
add_atom 1037 {{ 0,44 0,10 -4,00 }} 4,57
add_atom 1038 {{ 0,45 0,10 -3,81 }} 4,57
add_atom 1039 {{ 0,45 0,10 -3,61 }} 4,57
add_atom 1040 {{ 0,46 0,10 -3,39 }} 4,58
add_atom 1041 {{ 0,46 0,10 -3,16 }} 4,58
add_atom 1042 {{ 0,47 0,10 -2,93 }} 4,57
add_atom 1043 {{ 0,47 0,10 -2,69 }} 4,57
add_atom 1044 {{ 0,48 0,10 -2,46 }} 4,57
add_atom 1045 {{ 0,48 0,11 -2,22 }} 4,56
add_atom 1046 {{ 0,49 0,11 -2,00 }} 4,56
add_atom 1047 {{ 0,49 0,11 -1,78 }} 4,55
add_atom 1048 {{ 0,49 0,11 -1,58 }} 4,54
add_atom 1049 {{ 0,50 0,11 -1,39 }} 4,52
add_atom 1050 {{ 0,50 0,11 -1,23 }} 4,51
add_atom 1051 {{ 0,50 0,11 -1,09 }} 4,49
add_atom 1052 {{ 0,51 0,11 -0,97 }} 4,48
add_atom 1053 {{ 0,51 0,11 -0,87 }} 4,46
add_atom 1054 {{ 0,51 0,11 -0,80 }} 4,44
add_atom 1055 {{ 0,51 0,11 -0,75 }} 4,43
add_atom 1056 {{ 0,51 0,11 -0,72 }} 4,42
add_atom 1057 {{ 0,51 0,11 -0,70 }} 4,41
add_atom 1058 {{ 0,51 0,11 -0,70 }} 4,40
add_atom 1059 {{ 0,51 0,11 -0,71 }} 4,40
add_atom 1060 {{ 0,51 0,11 -0,74 }} 4,40
add_atom 1061 {{ 0,51 0,11 -0,78 }} 4,40
add_atom 1062 {{ 0,51 0,11 -0,82 }} 4,41
add_atom 1063 {{ 0,51 0,11 -0,88 }} 4,43
add_atom 1064 {{ 0,51 0,11 -0,94 }} 4,44
add_atom 1065 {{ 0,50 0,11 -1,00 }} 4,46
add_atom 1066 {{ 0,50 0,11 -1,07 }} 4,49
add_atom 1067 {{ 0,50 0,11 -1,14 }} 4,51
add_atom 1068 {{ 0,50 0,11 -1,21 }} 4,53
add_atom 1069 {{ 0,50 0,11 -1,28 }} 4,55
add_atom 1070 {{ 0,50 0,11 -1,34 }} 4,57
add_atom 1071 {{ 0,50 0,11 -1,40 }} 4,58
add_atom 1072 {{ 0,49 0,11 -1,45 }} 4,60
add_atom 1073 {{ 0,49 0,11 -1,49 }} 4,60
add_atom 1074 {{ 0,49 0,11 -1,52 }} 4,60
add_atom 1075 {{ 0,49 0,11 -1,54 }} 4,59
add_atom 1076 {{ 0,49 0,11 -1,55 }} 4,57
add_atom 1077 {{ 0,49 0,11 -1,54 }} 4,55
add_atom 1078 {{ 0,49 0,11 -1,51 }} 4,51
add_atom 1079 {{ 0,49 0,11 -1,47 }} 4,46
add_atom 1080 {{ 0,50 0,11 -1,40 }} 4,41
add_atom 1081 {{ 0,50 0,11 -1,31 }} 4,35
add_atom 1082 {{ 0,50 0,11 -1,20 }} 4,27
add_atom 1083 {{ 0,50 0,11 -1,06 }} 4,19
add_atom 1084 {{ 0,51 0,11 -0,89 }} 4,09
add_atom 1085 {{ 0,51 0,11 -0,70 }} 3,99
add_atom 1086 {{ 0,51 0,11 -0,49 }} 3,87
add_atom 1087 {{ 0,52 0,11 -0,26 }} 3,75
add_atom 1088 {{ 0,52 0,11 -0,01 }} 3,61
add_atom 1089 {{ 0,53 0,12 0,26 }} 3,47
add_atom 1090 {{ 0,54 0,12 0,54 }} 3,31
add_atom 1091 {{ 0,54 0,12 0,84 }} 3,14
add_atom 1092 {{ 0,55 0,12 1,14 }} 2,96
add_atom 1093 {{ 0,55 0,12 1,46 }} 2,79
add_atom 1094 {{ 0,56 0,12 1,78 }} 2,60
add_atom 1095 {{ 0,57 0,12 2,11 }} 2,43
add_atom 1096 {{ 0,57 0,13 2,44 }} 2,25
add_atom 1097 {{ 0,58 0,13 2,78 }} 2,09
add_atom 1098 {{ 0,59 0,13 3,11 }} 1,93
add_atom 1099 {{ 0,59 0,13 3,44 }} 1,79
add_atom 1100 {{ 0,60 0,13 3,77 }} 1,66
add_atom 1101 {{ 0,61 0,13 4,09 }} 1,56
add_atom 1102 {{ 0,61 0,13 4,41 }} 1,48
add_atom 1103 {{ 0,62 0,14 4,72 }} 1,42
add_atom 1104 {{ 0,63 0,14 5,02 }} 1,39
add_atom 1105 {{ 0,63 0,14 5,31 }} 1,40
add_atom 1106 {{ 0,64 0,14 5,59 }} 1,43
add_atom 1107 {{ 0,64 0,14 5,86 }} 1,48
add_atom 1108 {{ 0,65 0,14 6,12 }} 1,55
add_atom 1109 {{ 0,65 0,14 6,37 }} 1,64
add_atom 1110 {{ 0,66 0,14 6,60 }} 1,74
add_atom 1111 {{ 0,66 0,15 6,81 }} 1,86
add_atom 1112 {{ 0,67 0,15 7,01 }} 1,97
add_atom 1113 {{ 0,67 0,15 7,19 }} 2,10
add_atom 1114 {{ 0,67 0,15 7,35 }} 2,22
add_atom 1115 {{ 0,68 0,15 7,49 }} 2,33
add_atom 1116 {{ 0,68 0,15 7,61 }} 2,44
add_atom 1117 {{ 0,68 0,15 7,71 }} 2,53
add_atom 1118 {{ 0,68 0,15 7,79 }} 2,62
add_atom 1119 {{ 0,69 0,15 7,85 }} 2,68
add_atom 1120 {{ 0,69 0,15 7,90 }} 2,73
add_atom 1121 {{ 0,69 0,15 7,92 }} 2,76
add_atom 1122 {{ 0,69 0,15 7,93 }} 2,77
add_atom 1123 {{ 0,69 0,15 7,92 }} 2,78
add_atom 1124 {{ 0,69 0,15 7,90 }} 2,77
add_atom 1125 {{ 0,69 0,15 7,86 }} 2,75
add_atom 1126 {{ 0,68 0,15 7,81 }} 2,72
add_atom 1127 {{ 0,68 0,15 7,74 }} 2,69
add_atom 1128 {{ 0,68 0,15 7,66 }} 2,64
add_atom 1129 {{ 0,68 0,15 7,56 }} 2,60
add_atom 1130 {{ 0,68 0,15 7,45 }} 2,55
add_atom 1131 {{ 0,67 0,15 7,33 }} 2,49
add_atom 1132 {{ 0,67 0,15 7,20 }} 2,44
add_atom 1133 {{ 0,67 0,15 7,07 }} 2,38
add_atom 1134 {{ 0,67 0,15 6,94 }} 2,33
add_atom 1135 {{ 0,66 0,15 6,82 }} 2,28
add_atom 1136 {{ 0,66 0,14 6,70 }} 2,23
add_atom 1137 {{ 0,66 0,14 6,61 }} 2,20
add_atom 1138 {{ 0,66 0,14 6,53 }} 2,17
add_atom 1139 {{ 0,66 0,14 6,48 }} 2,16
add_atom 1140 {{ 0,66 0,14 6,47 }} 2,16
add_atom 1141 {{ 0,66 0,14 6,49 }} 2,17
add_atom 1142 {{ 0,66 0,14 6,55 }} 2,20
add_atom 1143 {{ 0,66 0,14 6,66 }} 2,25
add_atom 1144 {{ 0,66 0,15 6,82 }} 2,33
add_atom 1145 {{ 0,67 0,15 7,04 }} 2,42
add_atom 1146 {{ 0,67 0,15 7,32 }} 2,55
add_atom 1147 {{ 0,68 0,15 7,67 }} 2,70
add_atom 1148 {{ 0,69 0,15 8,08 }} 2,87
add_atom 1149 {{ 0,70 0,15 8,55 }} 3,07
add_atom 1150 {{ 0,71 0,16 9,06 }} 3,28
add_atom 1151 {{ 0,72 0,16 9,61 }} 3,51
add_atom 1152 {{ 0,73 0,16 10,18 }} 3,75
add_atom 1153 {{ 0,74 0,16 10,78 }} 3,99
add_atom 1154 {{ 0,76 0,17 11,38 }} 4,23
add_atom 1155 {{ 0,77 0,17 11,99 }} 4,48
add_atom 1156 {{ 0,78 0,17 12,59 }} 4,72
add_atom 1157 {{ 0,79 0,17 13,18 }} 4,95
add_atom 1158 {{ 0,80 0,18 13,74 }} 5,16
add_atom 1159 {{ 0,81 0,18 14,27 }} 5,36
add_atom 1160 {{ 0,82 0,18 14,76 }} 5,54
add_atom 1161 {{ 0,83 0,18 15,20 }} 5,70
add_atom 1162 {{ 0,84 0,18 15,58 }} 5,83
add_atom 1163 {{ 0,85 0,19 15,90 }} 5,94
add_atom 1164 {{ 0,85 0,19 16,15 }} 6,02
add_atom 1165 {{ 0,86 0,19 16,34 }} 6,09
add_atom 1166 {{ 0,86 0,19 16,48 }} 6,13
add_atom 1167 {{ 0,86 0,19 16,57 }} 6,16
add_atom 1168 {{ 0,86 0,19 16,61 }} 6,18
add_atom 1169 {{ 0,86 0,19 16,62 }} 6,19
add_atom 1170 {{ 0,86 0,19 16,58 }} 6,18
add_atom 1171 {{ 0,86 0,19 16,52 }} 6,16
add_atom 1172 {{ 0,86 0,19 16,44 }} 6,14
add_atom 1173 {{ 0,85 0,19 16,33 }} 6,11
add_atom 1174 {{ 0,85 0,19 16,21 }} 6,08
add_atom 1175 {{ 0,85 0,19 16,07 }} 6,04
add_atom 1176 {{ 0,85 0,19 15,94 }} 6,00
add_atom 1177 {{ 0,84 0,19 15,80 }} 5,97
add_atom 1178 {{ 0,84 0,19 15,67 }} 5,93
add_atom 1179 {{ 0,84 0,18 15,54 }} 5,90
add_atom 1180 {{ 0,84 0,18 15,43 }} 5,86
add_atom 1181 {{ 0,83 0,18 15,33 }} 5,83
add_atom 1182 {{ 0,83 0,18 15,24 }} 5,80
add_atom 1183 {{ 0,83 0,18 15,16 }} 5,77
add_atom 1184 {{ 0,83 0,18 15,11 }} 5,75
add_atom 1185 {{ 0,83 0,18 15,07 }} 5,74
add_atom 1186 {{ 0,83 0,18 15,04 }} 5,72
add_atom 1187 {{ 0,83 0,18 15,04 }} 5,72
add_atom 1188 {{ 0,83 0,18 15,06 }} 5,71
add_atom 1189 {{ 0,83 0,18 15,09 }} 5,72
add_atom 1190 {{ 0,83 0,18 15,15 }} 5,73
add_atom 1191 {{ 0,83 0,18 15,24 }} 5,75
add_atom 1192 {{ 0,84 0,18 15,35 }} 5,78
add_atom 1193 {{ 0,84 0,18 15,48 }} 5,81
add_atom 1194 {{ 0,84 0,18 15,64 }} 5,85
add_atom 1195 {{ 0,84 0,19 15,83 }} 5,89
add_atom 1196 {{ 0,85 0,19 16,05 }} 5,94
add_atom 1197 {{ 0,85 0,19 16,28 }} 5,99
add_atom 1198 {{ 0,86 0,19 16,54 }} 6,04
add_atom 1199 {{ 0,86 0,19 16,80 }} 6,10
add_atom 1200 {{ 0,87 0,19 17,08 }} 6,16
add_atom 1201 {{ 0,88 0,19 17,36 }} 6,23
add_atom 1202 {{ 0,88 0,19 17,65 }} 6,29
add_atom 1203 {{ 0,89 0,20 17,93 }} 6,36
add_atom 1204 {{ 0,89 0,20 18,21 }} 6,43
add_atom 1205 {{ 0,90 0,20 18,49 }} 6,50
add_atom 1206 {{ 0,90 0,20 18,75 }} 6,57
add_atom 1207 {{ 0,91 0,20 18,99 }} 6,64
add_atom 1208 {{ 0,91 0,20 19,21 }} 6,70
add_atom 1209 {{ 0,92 0,20 19,41 }} 6,76
add_atom 1210 {{ 0,92 0,20 19,59 }} 6,82
add_atom 1211 {{ 0,92 0,20 19,73 }} 6,88
add_atom 1212 {{ 0,93 0,20 19,85 }} 6,93
add_atom 1213 {{ 0,93 0,20 19,94 }} 6,98
add_atom 1214 {{ 0,93 0,20 20,00 }} 7,02
add_atom 1215 {{ 0,93 0,20 20,05 }} 7,05
add_atom 1216 {{ 0,93 0,20 20,07 }} 7,07
add_atom 1217 {{ 0,93 0,20 20,07 }} 7,09
add_atom 1218 {{ 0,93 0,20 20,06 }} 7,09
add_atom 1219 {{ 0,93 0,20 20,03 }} 7,09
add_atom 1220 {{ 0,93 0,20 19,99 }} 7,08
add_atom 1221 {{ 0,93 0,20 19,94 }} 7,07
add_atom 1222 {{ 0,93 0,20 19,87 }} 7,05
add_atom 1223 {{ 0,93 0,20 19,80 }} 7,02
add_atom 1224 {{ 0,92 0,20 19,73 }} 6,99
add_atom 1225 {{ 0,92 0,20 19,65 }} 6,96
add_atom 1226 {{ 0,92 0,20 19,57 }} 6,93
add_atom 1227 {{ 0,92 0,20 19,49 }} 6,90
add_atom 1228 {{ 0,92 0,20 19,42 }} 6,88
add_atom 1229 {{ 0,92 0,20 19,34 }} 6,85
add_atom 1230 {{ 0,91 0,20 19,28 }} 6,83
add_atom 1231 {{ 0,91 0,20 19,22 }} 6,81
add_atom 1232 {{ 0,91 0,20 19,17 }} 6,80
add_atom 1233 {{ 0,91 0,20 19,13 }} 6,79
add_atom 1234 {{ 0,91 0,20 19,11 }} 6,79
add_atom 1235 {{ 0,91 0,20 19,10 }} 6,80
add_atom 1236 {{ 0,91 0,20 19,11 }} 6,81
add_atom 1237 {{ 0,91 0,20 19,13 }} 6,82
add_atom 1238 {{ 0,91 0,20 19,18 }} 6,84
add_atom 1239 {{ 0,91 0,20 19,25 }} 6,86
add_atom 1240 {{ 0,92 0,20 19,35 }} 6,89
add_atom 1241 {{ 0,92 0,20 19,47 }} 6,92
add_atom 1242 {{ 0,92 0,20 19,62 }} 6,95
add_atom 1243 {{ 0,93 0,20 19,79 }} 6,99
add_atom 1244 {{ 0,93 0,20 20,00 }} 7,02
add_atom 1245 {{ 0,93 0,20 20,23 }} 7,06
add_atom 1246 {{ 0,94 0,21 20,49 }} 7,11
add_atom 1247 {{ 0,94 0,21 20,77 }} 7,15
add_atom 1248 {{ 0,95 0,21 21,07 }} 7,20
add_atom 1249 {{ 0,96 0,21 21,39 }} 7,25
add_atom 1250 {{ 0,96 0,21 21,72 }} 7,31
add_atom 1251 {{ 0,97 0,21 22,08 }} 7,38
add_atom 1252 {{ 0,98 0,21 22,45 }} 7,46
add_atom 1253 {{ 0,99 0,22 22,83 }} 7,54
add_atom 1254 {{ 0,99 0,22 23,22 }} 7,64
add_atom 1255 {{ 1,00 0,22 23,62 }} 7,75
add_atom 1256 {{ 1,01 0,22 24,03 }} 7,87
add_atom 1257 {{ 1,02 0,22 24,45 }} 8,00
add_atom 1258 {{ 1,03 0,23 24,87 }} 8,15
add_atom 1259 {{ 1,04 0,23 25,29 }} 8,32
add_atom 1260 {{ 1,05 0,23 25,72 }} 8,50
add_atom 1261 {{ 1,05 0,23 26,14 }} 8,71
add_atom 1262 {{ 1,06 0,23 26,56 }} 8,92
add_atom 1263 {{ 1,07 0,23 26,97 }} 9,15
add_atom 1264 {{ 1,08 0,24 27,37 }} 9,38
add_atom 1265 {{ 1,09 0,24 27,76 }} 9,61
add_atom 1266 {{ 1,09 0,24 28,13 }} 9,85
add_atom 1267 {{ 1,10 0,24 28,49 }} 10,08
add_atom 1268 {{ 1,11 0,24 28,83 }} 10,31
add_atom 1269 {{ 1,11 0,24 29,14 }} 10,52
add_atom 1270 {{ 1,12 0,25 29,44 }} 10,73
add_atom 1271 {{ 1,13 0,25 29,70 }} 10,91
add_atom 1272 {{ 1,13 0,25 29,94 }} 11,08
add_atom 1273 {{ 1,13 0,25 30,14 }} 11,23
add_atom 1274 {{ 1,14 0,25 30,31 }} 11,35
add_atom 1275 {{ 1,14 0,25 30,45 }} 11,44
add_atom 1276 {{ 1,14 0,25 30,55 }} 11,51
add_atom 1277 {{ 1,14 0,25 30,63 }} 11,55
add_atom 1278 {{ 1,15 0,25 30,67 }} 11,58
add_atom 1279 {{ 1,15 0,25 30,70 }} 11,58
add_atom 1280 {{ 1,15 0,25 30,70 }} 11,58
add_atom 1281 {{ 1,15 0,25 30,69 }} 11,56
add_atom 1282 {{ 1,14 0,25 30,66 }} 11,53
add_atom 1283 {{ 1,14 0,25 30,62 }} 11,50
add_atom 1284 {{ 1,14 0,25 30,57 }} 11,46
add_atom 1285 {{ 1,14 0,25 30,52 }} 11,41
add_atom 1286 {{ 1,14 0,25 30,46 }} 11,37
add_atom 1287 {{ 1,14 0,25 30,40 }} 11,33
add_atom 1288 {{ 1,14 0,25 30,34 }} 11,30
add_atom 1289 {{ 1,14 0,25 30,28 }} 11,28
add_atom 1290 {{ 1,14 0,25 30,24 }} 11,26
add_atom 1291 {{ 1,14 0,25 30,20 }} 11,24
add_atom 1292 {{ 1,14 0,25 30,17 }} 11,24
add_atom 1293 {{ 1,14 0,25 30,15 }} 11,23
add_atom 1294 {{ 1,14 0,25 30,13 }} 11,24
add_atom 1295 {{ 1,14 0,25 30,12 }} 11,24
add_atom 1296 {{ 1,14 0,25 30,12 }} 11,25
add_atom 1297 {{ 1,14 0,25 30,12 }} 11,26
add_atom 1298 {{ 1,14 0,25 30,13 }} 11,27
add_atom 1299 {{ 1,14 0,25 30,14 }} 11,28
add_atom 1300 {{ 1,14 0,25 30,15 }} 11,29
add_atom 1301 {{ 1,14 0,25 30,17 }} 11,30
add_atom 1302 {{ 1,14 0,25 30,19 }} 11,31
add_atom 1303 {{ 1,14 0,25 30,21 }} 11,31
add_atom 1304 {{ 1,14 0,25 30,23 }} 11,31
add_atom 1305 {{ 1,14 0,25 30,25 }} 11,32
add_atom 1306 {{ 1,14 0,25 30,27 }} 11,32
add_atom 1307 {{ 1,14 0,25 30,28 }} 11,32
add_atom 1308 {{ 1,14 0,25 30,30 }} 11,31
add_atom 1309 {{ 1,13 0,25 30,31 }} 11,31
add_atom 1310 {{ 1,13 0,24 30,32 }} 11,30
add_atom 1311 {{ 1,13 0,24 30,33 }} 11,30
add_atom 1312 {{ 1,13 0,24 30,34 }} 11,29
add_atom 1313 {{ 1,13 0,23 30,35 }} 11,28
add_atom 1314 {{ 1,13 0,22 30,35 }} 11,28
add_atom 1315 {{ 1,12 0,21 30,34 }} 11,27
add_atom 1316 {{ 1,12 0,19 30,34 }} 11,26
add_atom 1317 {{ 1,12 0,18 30,33 }} 11,25
add_atom 1318 {{ 1,11 0,16 30,31 }} 11,24
add_atom 1319 {{ 1,11 0,13 30,30 }} 11,23
add_atom 1320 {{ 1,11 0,10 30,27 }} 11,22
add_atom 1321 {{ 1,11 0,07 30,24 }} 11,20
add_atom 1322 {{ 1,10 0,03 30,21 }} 11,18
add_atom 1323 {{ 1,10 -0,01 30,17 }} 11,15
add_atom 1324 {{ 1,09 -0,06 30,13 }} 11,12
add_atom 1325 {{ 1,09 -0,11 30,08 }} 11,08
add_atom 1326 {{ 1,08 -0,17 30,04 }} 11,03
add_atom 1327 {{ 1,06 -0,24 29,99 }} 10,97
add_atom 1328 {{ 1,05 -0,32 29,95 }} 10,90
add_atom 1329 {{ 1,03 -0,41 29,91 }} 10,82
add_atom 1330 {{ 1,00 -0,51 29,88 }} 10,72
add_atom 1331 {{ 0,97 -0,62 29,85 }} 10,62
add_atom 1332 {{ 0,94 -0,75 29,83 }} 10,50
add_atom 1333 {{ 0,89 -0,88 29,82 }} 10,37
add_atom 1334 {{ 0,85 -1,03 29,81 }} 10,23
add_atom 1335 {{ 0,79 -1,20 29,82 }} 10,08
add_atom 1336 {{ 0,72 -1,37 29,84 }} 9,92
add_atom 1337 {{ 0,65 -1,57 29,88 }} 9,75
add_atom 1338 {{ 0,56 -1,78 29,93 }} 9,58
add_atom 1339 {{ 0,47 -2,01 29,99 }} 9,40
add_atom 1340 {{ 0,37 -2,25 30,07 }} 9,22
add_atom 1341 {{ 0,26 -2,51 30,16 }} 9,04
add_atom 1342 {{ 0,15 -2,78 30,26 }} 8,85
add_atom 1343 {{ 0,04 -3,05 30,37 }} 8,66
add_atom 1344 {{ -0,08 -3,34 30,48 }} 8,47
add_atom 1345 {{ -0,20 -3,63 30,60 }} 8,28
add_atom 1346 {{ -0,33 -3,93 30,72 }} 8,10
add_atom 1347 {{ -0,45 -4,23 30,85 }} 7,91
add_atom 1348 {{ -0,56 -4,53 30,97 }} 7,73
add_atom 1349 {{ -0,68 -4,84 31,10 }} 7,55
add_atom 1350 {{ -0,79 -5,14 31,22 }} 7,38
add_atom 1351 {{ -0,90 -5,44 31,33 }} 7,21
add_atom 1352 {{ -0,99 -5,74 31,44 }} 7,05
add_atom 1353 {{ -1,08 -6,03 31,55 }} 6,89
add_atom 1354 {{ -1,16 -6,32 31,64 }} 6,74
add_atom 1355 {{ -1,24 -6,60 31,73 }} 6,59
add_atom 1356 {{ -1,30 -6,87 31,80 }} 6,46
add_atom 1357 {{ -1,36 -7,13 31,87 }} 6,33
add_atom 1358 {{ -1,40 -7,39 31,94 }} 6,21
add_atom 1359 {{ -1,45 -7,63 32,00 }} 6,10
add_atom 1360 {{ -1,48 -7,87 32,05 }} 6,00
add_atom 1361 {{ -1,51 -8,10 32,10 }} 5,91
add_atom 1362 {{ -1,54 -8,32 32,15 }} 5,82
add_atom 1363 {{ -1,56 -8,53 32,19 }} 5,75
add_atom 1364 {{ -1,58 -8,74 32,23 }} 5,68
add_atom 1365 {{ -1,60 -8,93 32,28 }} 5,62
add_atom 1366 {{ -1,61 -9,11 32,32 }} 5,57
add_atom 1367 {{ -1,63 -9,28 32,36 }} 5,53
add_atom 1368 {{ -1,64 -9,45 32,41 }} 5,49
add_atom 1369 {{ -1,65 -9,60 32,46 }} 5,46
add_atom 1370 {{ -1,67 -9,74 32,51 }} 5,44
add_atom 1371 {{ -1,68 -9,88 32,57 }} 5,42
add_atom 1372 {{ -1,70 -10,00 32,63 }} 5,40
add_atom 1373 {{ -1,71 -10,11 32,69 }} 5,39
add_atom 1374 {{ -1,73 -10,22 32,76 }} 5,39
add_atom 1375 {{ -1,74 -10,31 32,82 }} 5,39
add_atom 1376 {{ -1,76 -10,40 32,89 }} 5,39
add_atom 1377 {{ -1,78 -10,48 32,95 }} 5,40
add_atom 1378 {{ -1,79 -10,55 33,02 }} 5,40
add_atom 1379 {{ -1,81 -10,62 33,09 }} 5,41
add_atom 1380 {{ -1,82 -10,68 33,15 }} 5,42
add_atom 1381 {{ -1,84 -10,74 33,22 }} 5,44
add_atom 1382 {{ -1,85 -10,79 33,28 }} 5,45
add_atom 1383 {{ -1,86 -10,83 33,34 }} 5,46
add_atom 1384 {{ -1,87 -10,87 33,40 }} 5,47
add_atom 1385 {{ -1,89 -10,91 33,45 }} 5,49
add_atom 1386 {{ -1,90 -10,94 33,50 }} 5,50
add_atom 1387 {{ -1,90 -10,97 33,55 }} 5,50
add_atom 1388 {{ -1,91 -11,00 33,59 }} 5,51
add_atom 1389 {{ -1,92 -11,02 33,64 }} 5,51
add_atom 1390 {{ -1,92 -11,04 33,67 }} 5,51
add_atom 1391 {{ -1,93 -11,06 33,71 }} 5,51
add_atom 1392 {{ -1,93 -11,08 33,74 }} 5,51
add_atom 1393 {{ -1,94 -11,10 33,77 }} 5,50
add_atom 1394 {{ -1,94 -11,11 33,80 }} 5,50
add_atom 1395 {{ -1,94 -11,12 33,83 }} 5,49
add_atom 1396 {{ -1,94 -11,13 33,85 }} 5,48
add_atom 1397 {{ -1,94 -11,14 33,88 }} 5,47
add_atom 1398 {{ -1,94 -11,15 33,90 }} 5,46
add_atom 1399 {{ -1,95 -11,16 33,92 }} 5,45
add_atom 1400 {{ -1,95 -11,17 33,95 }} 5,44
add_atom 1401 {{ -1,95 -11,17 33,97 }} 5,43
mol delrep 0 $tun1
mol addrep $tun1
mol selection {{all}}
mol rename top {homotetramero2_Path1}

display resetview
